Epoch	AverageEpRet	StdEpRet	MaxEpRet	MinEpRet	%Crash	EpLen	AverageVVals	StdVVals	MaxVVals	MinVVals	TotalEnvInteracts	LossPi	LossV	DeltaLossPi	DeltaLossV	Entropy	KL	ClipFrac	StopIter	Time
0	-28.736877	18.761332	-12.922462	-80.1877	100.0	181.8	0.6522877	0.56278205	2.9941995	0.08143219	2000	3.242493e-08	1644.284	-0.017711522	-1244.749	1.3099277	0.011961819	0.152	79.0	3.292877197265625
1	-34.164303	15.10108	-10.570914	-64.94706	100.0	204.66667	-32.22552	21.805147	-9.793244	-103.36009	4000	3.8146972e-08	451.55023	-0.015296612	-117.319305	1.1196442	0.015343468	0.0855	32.0	5.191839694976807
2	-31.714695	12.7686405	-16.822102	-61.590164	100.0	186.9	-25.22071	12.114335	-8.891019	-70.94256	6000	-3.0994414e-08	221.08255	-0.022466417	-65.54352	1.287625	0.0042811055	0.104	79.0	7.333185195922852
3	-25.552126	10.439159	-10.085941	-39.811607	100.0	159.91667	-25.994802	9.697821	-13.3497505	-65.20281	8000	-1.4305115e-09	137.04443	-0.021640262	-49.75952	1.320975	0.004304308	0.082	79.0	9.661062479019165
4	-25.941986	8.497182	-11.560088	-42.401314	100.0	140.84616	-24.612564	11.219702	-12.3431635	-70.16903	10000	-1.9073487e-09	92.52503	-0.018124755	-37.73745	1.2207031	0.01537254	0.153	53.0	11.993977546691895
5	-19.767458	7.7461576	-8.102032	-37.867847	100.0	106.77778	-20.161602	3.956596	-10.876679	-38.782703	12000	-2.4914742e-08	69.854744	-0.025468584	-14.340092	1.3439094	0.013464171	0.145	79.0	14.901050567626953
6	-15.217636	10.321317	7.165581	-31.728682	93.75	128.86667	-18.722094	6.1402564	-8.521988	-50.96718	14000	-1.6748904e-08	115.558975	-0.0069795838	-25.436287	1.2146648	0.015145571	0.0845	10.0	17.29637908935547
7	-16.157084	9.754492	3.8950617	-33.94333	100.0	108.833336	-14.4275875	2.487289	-9.727685	-28.331745	16000	7.867813e-09	78.27052	-0.021879502	-15.70079	1.3154224	0.011303662	0.1735	79.0	20.256532907485962
8	-14.29975	9.63822	6.4183993	-34.560066	100.0	89.09091	-13.9917145	3.6398094	-6.8318214	-23.490763	18000	1.0609627e-08	77.25711	-0.013161867	-28.260803	1.2700326	0.015253666	0.172	19.0	23.372665643692017
9	-16.56638	9.70139	5.8050814	-29.61211	100.0	84.59091	-12.3092575	4.3101954	4.42261	-23.37366	20000	-1.2278557e-08	83.92081	-0.020684963	-26.69461	1.2567222	0.010840283	0.173	79.0	26.677391052246094
10	-15.401954	7.093539	4.446731	-25.36008	100.0	83.391304	-14.699658	5.175518	-3.9479678	-23.99422	22000	-7.867813e-09	46.475643	-0.010954361	-13.84951	1.1844306	0.01597934	0.1435	27.0	30.020975828170776
11	-5.9788218	10.211195	9.223254	-26.057362	77.27272727272727	92.2381	-13.6203785	3.3893933	-6.301407	-23.580967	24000	3.0994416e-09	137.3082	-0.007623411	-69.25575	1.1732119	0.01607293	0.164	12.0	33.10664129257202
12	-6.651862	7.8831882	7.7473125	-26.2435	96.42857142857143	73.888885	-4.5257215	3.431849	3.3183272	-15.16914	26000	1.4781952e-08	60.06067	-0.008221113	-13.317619	1.0423378	0.015342088	0.1575	9.0	36.9356484413147
13	-1.460519	5.867831	6.1710477	-15.654637	100.0	66.586205	-4.526808	2.7483706	-0.20311251	-15.547466	28000	-3.0994416e-09	34.86874	-0.012292232	-16.32082	0.90332687	0.0043398086	0.062	79.0	40.78781485557556
14	-3.4793372	6.612072	5.861367	-20.057888	100.0	61.0	-1.7109563	3.2590787	4.969507	-12.608892	30000	-2.4318695e-08	23.798973	-0.018145911	-7.7101803	0.79351836	0.015073651	0.12	45.0	44.85774755477905
15	-1.4016025	5.1033525	6.1913543	-13.508679	100.0	62.48387	-1.6796386	3.7690592	4.6352296	-14.0082445	32000	2.1457673e-08	17.438213	-0.016034389	-2.6806917	0.84811664	0.001804711	0.089	79.0	48.91909337043762
16	0.40351775	4.2734146	6.3300138	-15.297546	100.0	60.0	0.12439884	2.507041	4.99985	-10.016808	34000	1.0848045e-08	12.065837	-0.015242054	-2.5017452	0.8086221	0.008450547	0.075	79.0	53.19647479057312
17	1.9670095	3.1968021	7.34986	-6.1446586	97.05882352941177	60.0	1.3290732	2.233612	5.5444784	-9.732172	36000	-2.2411346e-08	8.347268	-0.016829044	-1.8977599	0.826577	0.0050151986	0.0965	79.0	57.51976704597473
18	1.647378	3.871122	7.4480987	-7.1241198	100.0	59.454544	1.8195783	2.3018115	5.5749583	-11.860395	38000	-7.7486035e-09	8.723479	-0.014593326	-1.6393867	0.78182375	0.007514428	0.0805	79.0	61.81837749481201
19	2.3605354	3.1498282	7.0110083	-5.1151633	97.14285714285714	58.088234	2.6203666	1.9202765	6.171689	-3.9226904	40000	2.3841857e-09	6.1417556	-0.015674062	-1.403111	0.7560804	0.011575874	0.097	79.0	66.19674730300903
20	3.2209094	2.861649	7.1740026	-3.4910767	97.05882352941177	59.303032	2.594559	1.8346041	5.7799225	-3.0778437	42000	2.2411346e-08	6.1725864	-0.018374447	-1.8456473	0.7706456	0.0104244705	0.096	79.0	87.42250943183899
21	3.1607356	2.1674693	6.4055386	-2.1298552	97.05882352941177	60.18182	3.4999893	1.5629821	6.130566	-2.1683905	44000	-7.510185e-09	3.789219	-0.014372387	-1.076222	0.8200416	0.01146739	0.093	79.0	92.12672448158264
22	5.0315175	2.0964723	9.061975	0.85599655	90.9090909090909	62.34375	3.7511363	1.428866	6.3768554	-2.6994133	46000	1.0967255e-08	5.111417	-0.017227154	-2.7172084	0.83315516	0.013091132	0.099	79.0	96.2136561870575
23	5.0496335	2.0247393	8.539653	-2.2343912	84.375	64.0	5.312675	1.2636521	7.625901	0.33387297	48000	1.3351441e-08	2.6443684	-0.008052629	-0.672567	0.84256506	0.015471038	0.1575	8.0	100.01355719566345
24	5.9593	1.4443995	8.957041	2.4388824	81.25	63.64516	5.7170773	1.4599534	8.031314	1.1560253	50000	-2.7894973e-08	2.5867732	-0.016814785	-0.86005473	0.8483726	0.0150652705	0.1485	52.0	103.93237566947937
25	6.504904	1.9516091	11.052419	3.419577	59.375	63.870968	6.6574335	0.9849014	8.465823	2.7629087	52000	-7.629395e-09	3.798051	-0.0073991073	-0.6807196	0.8567737	0.016367542	0.2235	6.0	107.82707929611206
26	7.404993	1.6688144	10.8531065	5.015015	40.0	68.44827	6.610709	1.1368251	8.556544	2.8706558	54000	4.482269e-08	2.8921285	-0.01887916	-1.2921815	0.91433084	0.005501105	0.1215	79.0	111.96552300453186
27	8.350925	1.0893716	10.039801	6.028308	17.24137931034483	70.03571	7.7969875	1.0043316	10.336654	3.6973484	56000	-3.2901763e-08	2.125689	-0.012705078	-1.1749883	0.89903605	0.0055362377	0.0745	79.0	115.70426440238953
28	8.32371	1.4605638	10.755145	5.052577	16.129032258064516	65.26667	8.83211	1.13719	10.548739	4.728843	58000	6.437302e-09	1.2960685	-0.012660888	-0.18360901	0.85604167	0.0032647417	0.083	79.0	119.62303137779236
29	8.52244	1.3770303	10.874083	5.9743223	17.24137931034483	70.42857	8.414111	0.9304086	10.0000305	4.8243337	60000	9.536744e-10	1.5983622	-0.0100598	-0.4150939	0.8700471	0.015525783	0.111	13.0	123.32133197784424
30	8.696318	1.0294449	10.487514	5.8702226	16.666666666666664	68.31035	8.890548	0.9427211	10.578389	5.627938	62000	-5.00679e-09	0.8317081	-0.0151316235	-0.11591494	0.84383947	0.009960444	0.1005	79.0	127.35324883460999
31	9.772357	1.0264772	11.6435585	7.7904725	10.344827586206897	71.10714	9.373503	0.6757468	10.333811	5.5705175	64000	3.8743018e-08	1.5832417	-0.0046292865	-0.71065813	0.830762	0.015141096	0.198	5.0	130.96141147613525
32	9.664254	1.3223667	12.373257	6.6102433	7.142857142857142	72.14815	9.980509	0.65198994	11.263061	5.782133	66000	4.172325e-09	1.696053	-0.014659561	-0.6826799	0.84624255	0.006000937	0.099	79.0	134.6481168270111
33	9.801319	1.3850912	12.640138	6.4429955	0.0	75.03846	10.146531	1.0889428	12.214351	6.778748	68000	-7.629395e-09	0.96492255	-0.015921384	-0.13227123	0.8404705	0.0062453616	0.1055	79.0	138.27830982208252
34	10.295156	1.0445855	12.067067	8.155699	0.0	75.88461	10.333368	0.9184236	11.852535	7.0944552	70000	3.8146974e-09	0.86830944	-0.0075331763	-0.20414227	0.86519086	0.020218136	0.217	5.0	141.73337578773499
35	10.563476	1.0104824	12.035729	8.5971775	0.0	82.75	10.839955	0.7557485	12.359081	7.86419	72000	-3.0994416e-09	0.9985225	-0.016561458	-0.16855663	0.9077046	0.0039630593	0.097	79.0	145.11025166511536
36	11.225549	0.6302939	12.591679	9.8818245	0.0	85.478264	11.014662	0.6801846	12.361798	8.1531725	74000	-1.9073487e-09	0.86782324	-0.016323078	-0.53028315	0.90372556	0.0073352037	0.1195	79.0	148.42964148521423
37	11.402712	0.65870744	12.427731	10.21155	0.0	93.333336	11.608721	0.638385	12.863276	7.7269835	76000	1.001358e-08	0.5389885	-0.013421166	-0.17645049	0.93535405	0.004381194	0.101	79.0	151.56247758865356
38	11.89852	0.54863036	13.005473	10.654553	0.0	101.57895	11.818516	0.7057762	13.144778	7.983087	78000	2.0861625e-08	1.0025512	-0.013861244	-0.7161727	0.9149109	0.015362071	0.224	30.0	154.3671064376831
39	11.332718	0.5623353	12.425165	10.645231	0.0	101.10526	12.315545	0.5106021	13.289598	10.768936	80000	7.1525574e-10	0.5541646	-0.018764539	-0.2888341	0.9838376	0.015069659	0.1385	64.0	157.25567722320557
40	11.695579	0.74500114	12.812839	10.377051	0.0	108.111115	12.073279	0.4037768	13.149831	10.477599	82000	2.026558e-09	0.67934006	-0.020672332	-0.1607672	0.9545516	0.014650511	0.136	79.0	160.0459542274475
41	12.015828	0.63592964	12.9232235	10.81437	0.0	115.117645	12.220936	0.61927396	13.910465	10.39647	84000	5.00679e-09	0.57479393	-0.019411087	-0.19429421	0.9779898	0.014434025	0.1495	79.0	162.75935244560242
42	11.857711	0.66760296	13.023297	10.925829	0.0	134.78572	12.757274	0.59036607	14.109546	11.211324	86000	1.525879e-08	0.58630484	-0.01710032	-0.16155985	1.0025953	0.009139065	0.122	79.0	165.34657502174377
43	12.071108	0.72782975	13.370077	10.891289	6.666666666666667	141.85715	12.4928055	0.44928312	13.364456	10.887039	88000	4.053116e-09	0.57972866	-0.0054498343	-0.15267512	1.0149751	0.015682204	0.1115	6.0	167.6841742992401
44	11.761003	0.6508755	12.828153	10.391472	7.142857142857142	149.3077	12.28925	0.4535755	13.529118	10.036144	90000	-1.1920929e-09	0.47745952	-0.010683472	-0.114611596	1.0173912	0.02171299	0.2955	5.0	169.88129830360413
45	12.060859	0.45996842	13.027577	11.313781	0.0	107.77778	12.487856	0.5636081	13.895214	11.372579	92000	6.6757204e-09	0.23479821	-0.017076423	-0.049128637	0.932247	0.0113929715	0.124	79.0	172.72016429901123
46	12.198918	0.5289566	13.08605	11.155782	0.0	103.26316	12.421932	0.43241766	13.667823	11.185158	94000	-2.4318695e-08	0.3645409	-0.015543681	-0.08956212	0.895005	0.0093530165	0.0985	79.0	175.678293466568
47	12.413013	0.47690338	13.138321	11.571409	0.0	112.05882	12.798207	0.44216812	13.846547	11.361152	96000	-3.3378602e-09	0.2620014	-0.0104491655	-0.05966741	0.9129083	0.0081961965	0.0935	79.0	178.41490173339844
48	12.45647	0.5320097	13.365252	11.07185	0.0	107.166664	12.81021	0.422896	13.755311	11.252664	98000	1.5735626e-08	0.3053574	-0.0052403007	-0.03801149	0.886237	0.018245643	0.1645	4.0	181.09701299667358
49	12.369593	0.61603373	13.322938	10.834533	0.0	105.0	12.92178	0.45071298	13.908552	11.290772	100000	-7.629395e-09	0.2935887	-0.0061335424	-0.051824898	0.86002606	0.015582336	0.1565	8.0	183.80637884140015
