Epoch	AverageEpRet	StdEpRet	MaxEpRet	MinEpRet	%Crash	EpLen	AverageVVals	StdVVals	MaxVVals	MinVVals	TotalEnvInteracts	LossPi	LossV	DeltaLossPi	DeltaLossV	Entropy	KL	ClipFrac	StopIter	Time
0	-23.630596	13.163468	-2.4794884	-41.993458	100.0	179.3	0.60123515	0.51789814	2.4229662	0.061194167	2000	1.6093255e-08	803.3007	-0.01750088	-589.7624	1.2861468	0.015120927	0.1225	13.0	2.959501028060913
1	-32.31572	20.132935	-12.510228	-75.1391	100.0	224.75	-24.486544	18.64001	-8.629295	-86.25915	4000	1.2874604e-08	509.8069	-0.025270903	-140.03714	1.3201157	0.007021557	0.1335	79.0	4.8861706256866455
2	-24.520674	9.69955	-12.656344	-41.12908	100.0	137.14285	-18.855934	8.579986	-5.8851724	-44.731373	6000	9.775162e-09	182.4359	-0.013522871	-59.123802	1.3499609	0.015707126	0.209	14.0	7.15007758140564
3	-27.419489	9.127839	-14.596526	-42.55272	100.0	163.0	-21.45428	6.267996	-9.468072	-39.458057	8000	3.3140182e-08	133.12779	-0.02015734	-40.33539	1.3297695	0.010773897	0.121	79.0	9.37199330329895
4	-25.810837	12.053859	2.948552	-45.169003	100.0	191.0	-27.4541	8.912815	-15.650622	-51.634457	10000	7.2717667e-09	169.9881	-0.013761192	-66.706055	1.2754112	0.015009838	0.2335	14.0	11.30350375175476
5	-20.624935	10.465282	-5.226696	-36.586674	100.0	183.5	-25.534449	8.290631	-12.298175	-46.181557	12000	-1.2397766e-08	162.77144	-0.011210317	-95.25942	1.3079953	0.015315854	0.1045	12.0	13.511315107345581
6	-16.294508	9.7738695	5.156575	-26.513945	100.0	145.0	-18.768011	6.4008393	-9.374386	-38.084465	14000	1.2397766e-08	128.70721	-0.02642291	-54.963585	1.2918718	0.010808432	0.181	79.0	15.927204132080078
7	-18.594814	5.6173215	-10.763398	-30.240192	100.0	119.75	-13.532549	2.0450833	-9.630251	-20.511215	16000	2.384186e-10	39.562485	-0.016436987	-15.427357	1.3071561	0.015181792	0.218	30.0	18.422767639160156
8	-12.5467	10.407506	6.710771	-27.969131	94.11764705882352	121.4375	-14.264195	2.262419	-8.160452	-20.062996	18000	2.8967857e-08	96.40487	-0.021894073	-17.584526	1.2767756	0.00884245	0.226	79.0	21.085500717163086
9	-7.1064997	12.05826	8.325249	-25.221107	88.88888888888889	115.64706	-11.314394	2.854157	-5.1640134	-17.20165	20000	-1.29342075e-08	164.58641	-0.016253922	-46.591522	1.2575192	0.015497457	0.1465	25.0	23.717463493347168
10	-8.141435	7.936525	4.6018987	-20.923546	100.0	103.26316	-6.749045	2.9198725	0.6281018	-13.364364	22000	2.002716e-08	55.68437	-0.011798312	-9.54509	1.1912719	0.015721869	0.1475	11.0	26.505512952804565
11	-4.431902	8.784399	6.6956367	-25.954887	85.0	104.36842	-6.895201	2.6900928	-0.12868108	-16.982841	24000	-1.5735626e-08	95.889565	-0.0091344565	-22.621124	1.2037652	0.016088653	0.266	11.0	29.32919144630432
12	-7.6406326	9.68506	8.322259	-27.741854	92.5925925925926	75.15385	-4.139572	2.287014	-0.4345746	-11.373782	26000	-1.3113022e-08	79.91554	-0.013770445	-32.21398	1.1210034	0.0151476255	0.1915	25.0	32.83378267288208
13	0.5469832	6.555408	10.798721	-12.368281	71.42857142857143	73.51852	-4.2462807	4.3671403	4.265114	-20.075464	28000	-3.33786e-08	82.65992	-0.011690465	-50.768387	1.0385486	0.015037488	0.106	22.0	41.55596351623535
14	-0.30146834	6.262348	8.940595	-12.588556	80.0	67.344826	1.4266844	2.366541	5.019525	-9.207621	30000	-2.0623206e-08	35.800003	-0.017761836	-9.8494625	1.0129106	0.005439235	0.098	79.0	48.01803660392761
15	2.5792646	4.2689962	9.141396	-6.3991237	64.51612903225806	66.3	1.0505255	2.0347793	5.028925	-7.419954	32000	-1.7762185e-08	18.9194	-0.013114207	-6.062126	0.9624192	0.0046648723	0.06	79.0	58.645020484924316
16	2.0019095	4.3931813	10.156048	-7.0974736	81.25	63.064518	3.0207162	2.0263753	6.321883	-7.9776077	34000	-1.6212464e-08	14.300529	-0.019572731	-2.5592146	0.92806536	0.012246827	0.1485	79.0	70.65296602249146
17	4.563219	3.0044348	9.574105	-4.488097	68.75	64.064514	3.2290907	1.8169147	6.0662837	-5.520594	36000	6.3180923e-09	9.984324	-0.014903171	-3.7388682	0.90712994	0.00836522	0.106	79.0	78.63182163238525
18	4.2882867	2.5837398	8.836541	-2.1443517	78.125	62.580647	5.129168	1.4975681	8.365378	-2.278863	38000	1.4305114e-08	6.3166924	-0.013575912	-1.2958012	0.86979485	0.008652782	0.0815	79.0	88.47566866874695
19	5.5554295	2.296424	10.423487	-1.2187922	57.57575757575758	62.3125	5.13569	1.3471953	7.8049364	-2.1729286	40000	-1.5616417e-08	4.7761297	-0.01607478	-0.99669456	0.87033945	0.0075855483	0.0975	79.0	120.77695655822754
20	6.1833544	2.6265354	10.080695	-3.191668	41.935483870967744	65.0	5.683062	1.4142973	7.9813414	0.4159103	42000	1.835823e-08	6.0696015	-0.019895956	-1.1142097	0.88808805	0.0128086675	0.125	79.0	155.67231130599976
21	7.715756	1.6114684	10.644669	3.6950252	19.35483870967742	66.433334	6.6651855	1.3306642	8.740483	2.057235	44000	-1.0490417e-08	4.045539	-0.018055564	-2.3706243	0.88449234	0.010216447	0.1	79.0	186.47732067108154
22	8.21459	1.5120205	11.408829	5.049126	26.666666666666668	68.24138	8.207363	1.1240115	10.976576	3.3487713	46000	-4.768372e-10	4.0250673	-0.014719669	-0.92373776	0.89532214	0.0040822914	0.0725	79.0	190.62858176231384
23	7.774505	1.810076	10.98308	4.146579	32.25806451612903	66.53333	8.443508	0.830216	10.219962	5.3566794	48000	-2.6226044e-09	2.8512642	-0.016275836	-0.589139	0.8766643	0.0051329266	0.1	79.0	194.56071877479553
24	8.721698	1.4837706	11.174193	3.997542	22.58064516129032	66.4	8.213436	0.9852535	10.321719	4.8537493	50000	4.0411948e-08	3.2594051	-0.01575556	-1.200434	0.8676484	0.005991152	0.1125	79.0	198.47653222084045
25	8.7928095	1.748767	11.419054	4.6942453	16.666666666666664	68.37931	8.90068	0.8400211	10.273495	2.6852393	52000	-4.2915342e-09	3.0904858	-0.014557937	-0.65683174	0.876447	0.008339018	0.095	79.0	202.38493871688843
26	9.634735	1.1799729	12.21396	7.194248	0.0	72.333336	9.430697	0.8505059	11.010439	2.7545712	54000	-2.2411346e-08	1.9213761	-0.01583388	-0.5872667	0.9009952	0.00796908	0.083	79.0	206.08849000930786
27	9.613813	1.3654929	12.206188	7.1686115	0.0	73.81481	9.847883	0.803519	11.138861	4.6292424	56000	-1.0371208e-08	1.8934734	-0.017061016	-0.26204062	0.9203532	0.0080890525	0.1	79.0	209.7978537082672
28	10.272672	1.2092053	12.6795	7.1844516	3.8461538461538463	78.64	9.747761	1.1014317	11.277745	3.5741086	58000	-2.1457671e-09	3.0577865	-0.024730261	-1.52961	0.94743353	0.013963858	0.1235	79.0	213.28628277778625
29	10.454153	1.1876488	12.870429	8.403957	3.7037037037037033	75.76923	10.814835	0.6984019	12.147243	8.509489	60000	6.6757204e-09	1.632762	-0.018353662	-0.52137995	0.91715044	0.007485685	0.142	79.0	216.845552444458
30	10.885509	0.85219616	12.788456	9.15588	0.0	81.166664	11.07922	0.57119614	12.222702	9.029371	62000	-6.9141386e-09	0.758369	-0.013884416	-0.21899176	0.96188384	0.008668894	0.099	79.0	220.30086421966553
31	10.608262	1.096669	12.641255	9.031198	3.8461538461538463	79.56	10.9644785	0.9714257	12.74384	7.108949	64000	5.9604643e-10	0.99111205	-0.014760312	-0.18685204	0.92725515	0.0058520543	0.086	79.0	223.87679076194763
32	10.729559	0.91803765	12.248181	8.608019	0.0	83.26087	11.363492	0.9306923	13.625812	8.13153	66000	-1.001358e-08	0.8709629	-0.021955637	-0.33947426	0.9419905	0.010678912	0.1365	79.0	227.2312204837799
33	11.636306	0.6443841	12.5245495	9.38313	0.0	98.1	11.344617	0.5398551	12.479432	9.282283	68000	4.7683715e-09	0.83267844	-0.014054396	-0.5939348	1.015856	0.013416927	0.106	79.0	230.29805946350098
34	10.894406	1.1317837	13.01293	8.85983	0.0	83.25	11.8045	0.7193498	13.67452	9.429139	70000	1.4305115e-09	0.95432895	-0.017988086	-0.33267522	0.9347147	0.011022677	0.113	79.0	233.6240472793579
35	11.548775	0.7760867	13.388586	10.144366	0.0	92.90476	11.7533245	0.6937678	13.4410305	8.890047	72000	-3.4809112e-08	0.7135619	-0.009644222	-0.17261803	0.97087073	0.015498846	0.1315	6.0	236.54802441596985
36	11.941701	0.7820739	13.129738	10.194478	4.761904761904762	99.65	11.870355	0.56036955	13.263332	9.56127	74000	-9.059906e-09	0.824561	-0.0035039466	-0.46351126	0.9952585	0.018278742	0.1445	7.0	239.38842940330505
37	11.895017	0.66430336	13.042949	10.241547	0.0	104.42105	12.656319	0.8092905	14.507834	10.339994	76000	-1.0490417e-08	0.5047377	-0.014788197	-0.19266802	0.98064077	0.015405638	0.164	21.0	242.14980602264404
38	11.876342	0.90944624	13.223825	9.636983	5.263157894736842	109.77778	12.463871	0.5783666	13.660416	10.174631	78000	4.768372e-10	0.56682146	-0.014286942	-0.06342286	1.0047663	0.0059743878	0.0915	79.0	244.97664046287537
39	11.818976	0.8356913	12.9234	9.886539	0.0	110.833336	12.435905	0.7870942	14.619275	10.374712	80000	-1.4066696e-08	0.40163374	-0.016289623	-0.05457905	0.9570918	0.0094881	0.1055	79.0	247.78413915634155
40	11.883465	0.6731258	12.940446	10.265812	6.25	132.13333	12.749877	0.49414042	14.014309	11.385939	82000	-7.2717667e-09	0.66673183	-0.017275248	-0.23543236	0.99048245	0.01050395	0.117	79.0	250.3228316307068
41	11.692868	1.1178963	12.936291	9.708505	15.384615384615385	155.58333	12.550493	0.6933038	14.88398	9.678533	84000	1.8835069e-08	1.3448714	-0.02340729	-0.645909	0.95192575	0.01513966	0.112	46.0	252.51749897003174
42	10.896238	1.6314616	12.640776	7.9481635	18.181818181818183	198.6	12.453323	1.0042988	16.759892	9.932389	86000	9.536744e-10	4.822576	-0.011931715	-2.9377265	0.94930977	0.015465028	0.203	21.0	254.43801879882812
43	12.0252075	0.82663655	12.901405	9.676442	6.666666666666667	140.71428	11.333774	0.56495917	12.775395	9.857833	88000	8.8214875e-09	2.0883284	-0.005612018	-1.4741933	0.96325684	0.0165653	0.16	6.0	256.729261636734
44	11.734608	0.7045623	13.008866	10.317724	5.263157894736842	110.388885	12.460087	0.659153	13.84361	10.587836	90000	-2.7418137e-09	0.4310498	-0.016301181	-0.10722509	0.9832069	0.010135071	0.0935	79.0	259.6819360256195
45	12.100812	0.61681855	12.985158	10.838281	0.0	102.89474	12.279538	0.4723777	13.440984	10.69657	92000	4.529953e-08	0.35142034	-0.018904109	-0.13089694	0.93660635	0.005765765	0.118	79.0	262.6934893131256
46	12.192221	0.4797418	13.185627	11.519019	0.0	108.333336	12.660247	0.55065596	13.868466	11.110996	94000	1.0371208e-08	0.24112238	-0.01284884	-0.031321645	0.9808545	0.0031647799	0.0635	79.0	265.59509110450745
47	12.509494	0.3942483	13.371946	11.867634	0.0	111.94118	12.664204	0.4159804	13.675367	11.243944	96000	2.7656554e-08	0.3062667	-0.008802601	-0.16259395	0.978395	0.015608993	0.132	13.0	268.1254253387451
48	12.164311	0.78457135	13.071249	10.118575	0.0	100.789474	12.968612	0.3857786	14.0099125	11.810708	98000	-1.3351441e-08	0.6364537	-0.009268992	-0.21710214	0.9343114	0.016906422	0.138	13.0	270.85318207740784
49	12.300795	0.4869138	13.016935	11.308095	0.0	103.789474	12.702997	0.46903956	13.739409	10.923289	100000	-8.5830685e-09	0.33348018	-0.017385775	-0.08078909	0.91369134	0.01022085	0.1125	79.0	273.73112630844116
