Epoch	AverageEpRet	StdEpRet	MaxEpRet	MinEpRet	%Crash	vel_crashes	ang_vel_crashes	angle_crashes	fuel_crashes	EpLen	AverageVVals	StdVVals	MaxVVals	MinVVals	TotalEnvInteracts	LossPi	LossV	DeltaLossPi	DeltaLossV	Entropy	KL	ClipFrac	StopIter	Time
0	-41.647427	9.004793	-27.213488	-55.345005	85.0	14	6	13	2	145.92308	0.095981255	0.13143788	0.40613055	-0.3157854	2000	-5.2213668e-08	1715.619	-0.020773338	-262.33386	1.3289285	0.012581711	0.125	79.0	10.135393381118774
1	-39.175694	8.934623	-23.349947	-53.806038	85.0	13	6	10	2	147.66667	-2.9583619	2.0762784	-1.1818677	-10.779498	4000	1.180172e-08	1095.1697	-0.01916382	-318.2246	1.3038071	0.015114103	0.139	23.0	15.888873815536499
2	-31.230274	8.551505	-15.433674	-48.642143	85.0	14	6	10	2	144.3077	-9.102121	4.5999036	-3.9136674	-24.94794	6000	3.4570693e-08	514.5003	-0.019663742	-218.81561	1.314096	0.01465323	0.1045	79.0	21.8005793094635
3	-35.41262	6.685513	-23.27436	-44.07196	77.85714285714286	13	7	11	2	149.84616	-15.058047	6.1109786	-8.02248	-41.165546	8000	3.218651e-08	443.80368	-0.018325211	-260.98505	1.2766738	0.011998325	0.207	79.0	27.587266445159912
4	-37.614475	10.325261	-22.624537	-61.17485	85.0	14	7	13	2	141.5	-26.745247	14.32689	-14.3961525	-70.97355	10000	-7.277727e-08	297.34464	-0.018349664	-122.615036	1.2195632	0.0104686	0.1045	79.0	32.7240993976593
5	-26.256056	8.534509	-9.47153	-42.412617	85.0	16	9	8	2	129.46666	-31.71371	12.707211	-20.422815	-75.57842	12000	1.3351441e-08	169.7771	-0.01895732	-124.51836	1.1622915	0.013535106	0.1035	79.0	38.273075342178345
6	-33.2363	7.779048	-21.458296	-50.587704	85.0	14	7	10	2	148.6923	-28.669008	10.851933	-15.719595	-67.3745	14000	5.2452087e-09	196.17151	-0.008252673	-45.81404	1.2201138	0.016190218	0.13	12.0	42.98808932304382
7	-33.331615	9.302632	-21.42766	-57.419697	85.0	15	9	12	1	132.26666	-25.06326	4.5854836	-14.613522	-42.080708	16000	-1.66893e-08	176.85767	-0.011236299	-80.90554	1.2625033	0.015360851	0.081	9.0	47.80552554130554
8	-32.118683	8.185782	-12.185038	-50.697605	85.0	18	9	15	0	115.35294	-28.700918	3.667445	-15.987877	-35.735065	18000	1.4901161e-08	82.58473	-0.009003709	-15.812073	1.2639931	0.015611054	0.202	11.0	53.020503997802734
9	-27.950993	9.035422	-8.947189	-41.088505	79.73684210526315	13	5	17	0	106.111115	-27.324156	4.979678	-11.2544985	-34.425026	20000	1.4066696e-08	86.915405	-0.01290149	-6.197006	1.2539326	0.015060034	0.218	29.0	58.57178044319153
10	-24.44012	8.71278	-13.7650795	-42.4943	80.23809523809523	15	3	19	0	96.3	-26.035519	5.2479196	-11.468629	-35.243023	22000	3.2544136e-08	90.50073	-0.019328322	-13.749634	1.2193184	0.008735544	0.135	79.0	65.0585105419159
11	-18.821938	10.069567	-6.3247128	-40.92314	71.36363636363636	16	3	12	0	91.85714	-23.085878	4.4724193	-8.849648	-28.189888	24000	4.887581e-08	128.07289	-0.01924462	-32.873116	1.1885887	0.012025342	0.1045	79.0	72.15601634979248
12	-18.713789	8.501715	-7.5180273	-39.08706	76.30434782608695	15	4	16	0	86.95652	-18.969246	3.5869954	-7.821753	-24.548836	26000	1.6093255e-08	105.42016	-0.012928048	-5.344078	1.1547545	0.015630636	0.1235	38.0	78.75572538375854
13	-13.818212	5.481453	-5.5605135	-29.034117	65.76923076923077	13	2	16	0	77.72	-19.032093	3.2070599	-8.588401	-23.280024	28000	1.3530254e-08	63.065746	-0.018692289	-33.97058	1.0937268	0.008843988	0.095	79.0	86.76018404960632
14	-14.3881445	6.6286726	-5.0816097	-34.782043	58.076923076923066	15	1	11	0	78.76	-14.763605	3.2014701	-5.008495	-22.578108	30000	2.7418137e-08	38.27286	-0.021925397	-2.7738647	1.1009735	0.015055019	0.11	52.0	93.91098284721375
15	-10.87478	3.783493	-4.41449	-18.575024	45.0	8	0	10	0	82.5	-13.192461	2.8979342	-5.376645	-18.224655	32000	-3.8981437e-08	25.190533	-0.016033785	-8.1184025	1.09778	0.011543878	0.133	79.0	101.49743390083313
16	-10.553907	3.5304353	-5.410658	-18.485918	32.82608695652174	2	1	9	1	90.86364	-10.326137	2.8207018	-4.00934	-15.363813	34000	4.196167e-08	14.555607	-0.013661825	-1.2805519	1.1034584	0.015165374	0.1	39.0	107.87927460670471
17	-11.711048	4.7344184	-4.5560126	-24.444672	49.0	10	0	9	0	80.75	-10.502469	2.403208	-3.9685783	-16.295753	36000	-2.0742416e-08	29.645666	-0.01968273	-1.9284286	1.0372243	0.009903053	0.1105	79.0	114.87142562866211
18	-9.280104	2.3920014	-5.42601	-14.924596	37.38095238095239	9	1	3	1	98.35	-10.550911	2.9589555	-4.1364326	-19.880255	38000	-3.8146974e-09	14.244347	-0.020146152	-5.031536	1.0807796	0.0077667753	0.135	79.0	121.78430032730103
19	-8.3262	2.706058	-3.8572853	-13.852036	37.63157894736842	4	0	7	1	110.166664	-8.598996	2.14042	-3.6984835	-13.595502	40000	1.2159347e-08	10.355726	-0.014039078	-1.3770304	1.067728	0.009859735	0.0785	79.0	127.62735629081726
20	-10.635338	5.347828	-3.0119789	-23.77516	45.0	7	0	5	4	124.71429	-8.405716	2.4164934	-3.6019077	-14.950298	42000	-1.8715859e-08	39.29177	-0.018821036	-5.617504	1.0563593	0.013728184	0.115	79.0	132.86832308769226
21	-7.0574436	2.6078577	-3.870097	-13.742998	15.0	0	0	4	2	103.73684	-9.114856	2.3435552	-4.3664813	-14.397297	44000	-3.33786e-08	14.353153	-0.012992797	-6.15454	1.0474473	0.003452836	0.112	79.0	139.03970623016357
22	-6.9130306	2.1476586	-3.3290734	-11.4065695	20.0	4	0	1	3	101.89474	-7.595833	2.1230447	-3.5490718	-12.753912	46000	2.18153e-08	9.252334	-0.018952146	-2.3342953	1.0165462	0.012447345	0.139	79.0	145.6308512687683
23	-6.1726823	2.4420629	-1.8703935	-12.150551	0.384615384615385	3	0	1	0	78.52	-6.576273	1.6657774	-3.279106	-11.115501	48000	-1.3113022e-08	6.865165	-0.016189896	-1.1715512	0.9902127	0.012466059	0.127	79.0	152.68702173233032
24	-7.2125998	2.1930578	-4.688531	-13.285133	15.0	4	0	1	2	93.57895	-5.9990916	1.7016175	-3.0588171	-13.034712	50000	1.37090685e-08	14.246787	-0.016666356	-2.5831842	1.0290447	0.015040899	0.1125	78.0	158.873877286911
25	-6.249152	2.215214	-3.0643764	-11.798224	4.0476190476190474	0	0	3	1	97.7	-6.7511806	1.3686377	-3.6846833	-11.127217	52000	-3.409386e-08	5.7753935	-0.01677045	-1.1795087	1.0221016	0.010365117	0.13	79.0	164.97327971458435
26	-5.762434	2.0440493	-2.9632137	-9.96407	2.391304347826086	2	0	2	0	89.818184	-6.164263	1.4098434	-3.4288454	-10.359535	54000	-5.841255e-09	4.76022	-0.006002483	-1.0294073	0.99694854	0.01672271	0.1875	6.0	171.60555362701416
27	-5.762803	2.3551924	-2.968234	-11.442646	5.0	2	0	2	0	97.52631	-5.006741	1.3313951	-3.0530581	-9.365488	56000	4.2915342e-09	5.8342195	-0.017593091	-0.25114346	1.0329313	0.011342691	0.113	79.0	177.583984375
28	-6.056507	2.1852782	-2.5520096	-10.785689	0	0	0	3	0	102.210526	-5.1490088	1.2320502	-3.2122438	-9.270119	58000	4.172325e-09	4.56517	-0.014542697	-0.3813553	1.0190021	0.008661159	0.114	79.0	183.7613124847412
29	-4.5780187	1.3651336	-2.1561658	-6.7359185	0	0	0	0	0	94.789474	-5.4872007	1.1836195	-3.5150502	-9.427186	60000	2.002716e-08	4.406369	-0.015472835	-1.9105725	1.0233165	0.011171359	0.0825	79.0	190.12463355064392
30	-4.9179525	2.0422564	-2.177319	-10.422612	0	1	0	1	0	92.42857	-4.4463086	1.1754148	-2.88128	-9.635079	62000	-3.5762786e-09	3.1649897	-0.015998391	-0.16756272	0.9818173	0.014462244	0.1005	79.0	196.6624789237976
31	-4.62593	1.9051584	-2.2978716	-10.090365	0	0	0	0	0	97.35	-4.3081846	1.0358089	-2.910668	-9.301061	64000	-2.6226044e-09	2.5681434	-0.012486742	-0.1967752	0.98775214	0.011547429	0.0705	79.0	202.67893075942993
32	-5.0700507	1.2473245	-3.209415	-6.8436294	0	1	0	1	0	93.190475	-4.1400685	0.95289344	-2.7807906	-7.6238437	66000	1.168251e-08	1.9617896	-0.004701352	-0.25456333	0.96912307	0.015470229	0.1685	6.0	209.14377641677856
33	-4.5601363	1.1601884	-2.5072095	-6.899985	0	0	0	0	0	102.0	-4.5085526	0.96480274	-3.0568871	-7.824108	68000	8.5830685e-09	1.4783708	-0.01126697	-0.26451898	1.013469	0.009463868	0.06	79.0	216.11454272270203
34	-5.1409144	1.3735446	-3.0556118	-8.081298	0	0	0	1	0	99.25	-4.0939856	0.944992	-2.7664242	-7.1707125	70000	-2.336502e-08	1.5708777	-0.010658802	-0.22383678	0.9915725	0.011129253	0.0445	79.0	222.99377942085266
35	-4.6057167	1.7368851	-2.5956013	-9.17475	0	2	0	1	0	95.190475	-4.451907	1.0807852	-3.0574703	-9.224282	72000	-2.2649765e-08	1.8892236	-0.020461619	-0.27701354	0.9675895	0.009280207	0.0905	79.0	230.80397367477417
36	-3.8937402	1.0045844	-2.3002036	-5.47422	0	0	0	0	0	97.15	-3.917789	0.8233791	-2.791087	-7.10335	74000	3.8146974e-09	1.263224	-0.014132177	-0.29085147	0.97205114	0.012129904	0.1105	79.0	237.6938111782074
37	-3.5530019	0.852759	-1.9974024	-5.0281086	0	0	0	0	0	110.44444	-3.2259834	0.66015965	-2.44192	-6.159988	76000	3.3378602e-09	0.8758529	-0.0030761736	-0.12940085	0.9909208	0.016448215	0.179	11.0	243.81512451171875
38	-3.7007332	0.9853	-1.9958739	-5.5458403	0	0	0	0	0	124.625	-3.0091364	0.6028623	-2.2584844	-5.8752565	78000	-2.1457671e-09	0.95580727	-0.010019145	-0.07713634	1.0041928	0.015119061	0.092	59.0	250.71678185462952
39	-4.0283265	1.2062291	-2.2389665	-7.7878666	0	0	0	0	0	120.5625	-3.0966945	0.67928046	-2.3341117	-5.758475	80000	-7.152557e-09	1.1791438	-0.0140084345	-0.10187018	1.0268719	0.009449768	0.0975	79.0	258.3659517765045
40	-3.5113163	0.75252783	-2.3443277	-5.3744206	0	0	0	1	0	123.125	-3.274798	0.65167606	-2.52124	-5.7380753	82000	-1.001358e-08	0.7200642	-0.014562654	-0.1735152	1.034414	0.0067348415	0.0955	79.0	265.37369894981384
41	-3.4836786	0.80465674	-2.4868026	-5.184102	0	0	0	0	0	113.05882	-3.0939784	0.68543494	-2.2570267	-5.475709	84000	-1.7404556e-08	0.6594273	-0.0036515703	-0.10367936	1.0454625	0.015254247	0.117	9.0	272.06653213500977
42	-3.4489868	0.6232452	-2.4987469	-5.1578965	0	0	0	0	0	125.86667	-2.7514188	0.496719	-2.0914688	-4.8306055	86000	-6.6757204e-09	0.5956007	-0.012717994	-0.06020528	1.0524393	0.01505011	0.107	46.0	278.13368582725525
43	-3.9155898	1.2049586	-2.304584	-6.4384804	0	0	0	0	0	135.64285	-2.7888677	0.50926167	-2.1026943	-4.722845	88000	-9.536744e-10	1.3682567	-0.0058676973	-0.24035859	1.054613	0.017543597	0.244	6.0	283.9630308151245
44	-3.3804085	0.50514716	-2.4162228	-4.249356	0	0	0	1	0	142.64285	-3.0852084	0.6023223	-2.392317	-5.2010884	90000	-2.2292138e-08	0.5368743	-0.014387281	-0.21676436	1.0597873	0.01194518	0.11	79.0	290.6650855541229
45	-3.3565545	0.50691843	-2.7683444	-4.3000436	0	0	0	0	0	143.46153	-2.6544547	0.5176081	-2.1138499	-4.5441732	92000	9.298325e-09	0.35915846	-0.016207617	-0.040145695	1.051917	0.009213322	0.073	79.0	296.86414790153503
46	-3.5896761	0.67842996	-2.2354596	-4.652298	0	0	0	0	0	140.71428	-2.6492875	0.45133904	-2.0678399	-4.249938	94000	-3.5762786e-09	0.49300483	-0.012026818	-0.06033495	1.0431123	0.005906966	0.0665	79.0	303.36974024772644
47	-3.686655	0.72422165	-2.729561	-5.160929	0	0	0	0	0	135.28572	-2.9241533	0.54503244	-2.2184625	-4.454726	96000	-5.9604646e-09	0.5229562	-0.017198136	-0.022050202	1.0441533	0.008629719	0.114	79.0	309.5033061504364
48	-3.601578	0.77653205	-2.257799	-5.3694563	0	0	0	0	0	132.46666	-2.871399	0.3995369	-2.2745745	-4.1152387	98000	-1.45435335e-08	0.625939	-0.009411006	-0.013875246	1.0367903	0.01500588	0.1485	13.0	315.5335876941681
49	-3.2635024	0.60768765	-2.1400561	-4.418437	0	0	0	0	0	144.92308	-2.9052901	0.45822024	-2.273194	-4.3538017	100000	9.059906e-09	0.49845925	-0.02125392	-0.13931957	1.0542519	0.00992905	0.1795	79.0	320.4983129501343
