Epoch	AverageEpRet	StdEpRet	MaxEpRet	MinEpRet	%Crash	vel_crashes	ang_vel_crashes	angle_crashes	fuel_crashes	EpLen	AverageVVals	StdVVals	MaxVVals	MinVVals	TotalEnvInteracts	LossPi	LossV	DeltaLossPi	DeltaLossV	Entropy	KL	ClipFrac	StopIter	Time
0	-35.126987	7.6175785	-22.118631	-52.042828	95.0	14	5	14	1	136.92857	0.07443602	0.17148533	0.6216405	-0.48985004	2000	-4.2915342e-09	1195.1384	-0.0162222	-223.7143	1.3317125	0.015179245	0.1395	45.0	9.135433197021484
1	-37.831837	6.855468	-26.639904	-56.049904	80.71428571428571	16	12	14	1	121.8125	-3.0382807	2.1193097	-0.811545	-11.699183	4000	-9.536744e-10	1183.7534	-0.02191381	-359.55774	1.3307593	0.015252005	0.1985	73.0	14.290606498718262
2	-32.349987	9.7115	-10.32366	-45.56502	95.0	12	5	12	2	153.46153	-9.301063	4.29271	-4.4426208	-29.747404	6000	-8.8214875e-09	612.80524	-0.022744853	-240.96219	1.3101923	0.015024561	0.1425	64.0	19.359322786331177
3	-27.81883	10.082109	-9.133411	-43.333897	89.44444444444444	13	2	12	2	147.84616	-14.249229	5.5140214	-6.177881	-38.012497	8000	8.34465e-09	246.58368	-0.013908141	-92.51453	1.2416278	0.011562893	0.11	79.0	24.28864097595215
4	-33.161602	5.4589663	-21.931988	-40.6321	95.0	11	1	10	4	176.8	-21.698107	8.943163	-11.770553	-54.438377	10000	5.7458877e-08	289.00922	-0.019599903	-134.38931	1.2171016	0.002899783	0.1105	79.0	28.98368501663208
5	-32.245804	10.216273	-13.660255	-53.387753	95.0	11	4	8	4	194.4	-30.238293	11.153268	-17.358078	-67.526054	12000	7.033348e-09	153.91505	-0.024812931	-34.014305	1.2170676	0.008131704	0.18	79.0	33.13398051261902
6	-29.027996	7.739872	-14.3206415	-40.084236	95.0	13	7	10	1	150.0	-27.05155	7.887209	-15.517148	-81.2211	14000	-9.298325e-09	101.44442	-0.010170903	-30.642204	1.1820102	0.015584303	0.1475	22.0	37.108593702316284
7	-31.235006	14.793598	-8.535617	-62.162994	80.71428571428571	9	1	11	2	151.61539	-33.9225	27.28998	-9.411589	-127.900986	16000	-1.1622905e-08	555.536	-0.0142474305	-165.2526	1.070245	0.015593552	0.0635	53.0	41.62132382392883
8	-31.25132	8.91628	-13.7074995	-42.076637	95.0	18	3	19	1	105.94444	-22.08754	5.017358	-13.54746	-61.78479	18000	2.9444694e-08	166.3939	-0.013834637	-58.058685	1.117113	0.015483737	0.0975	23.0	47.41618537902832
9	-29.60923	10.082368	-8.613856	-43.3779	83.88888888888889	15	5	17	0	112.17647	-26.218864	3.9372065	-9.917808	-42.792812	20000	-1.0490417e-08	101.50948	-0.015208521	-7.616577	1.2239673	0.006336178	0.063	79.0	54.68698334693909
10	-29.828575	12.476919	-7.790329	-43.215805	77.35294117647058	16	4	12	1	122.8125	-28.918232	4.726915	-13.550602	-49.622814	22000	-9.894371e-09	129.08995	-0.0163217	-5.413765	1.1900425	0.013823788	0.1115	79.0	60.347180128097534
11	-32.957012	5.974888	-23.176147	-43.915115	82.5	13	7	13	0	137.07143	-31.269947	4.659412	-11.389671	-49.59581	24000	-1.9073486e-08	58.183094	-0.01709205	-5.2568054	1.2338154	0.012635911	0.0885	79.0	66.05152034759521
12	-35.72869	5.617576	-27.09592	-44.80849	71.47058823529412	12	4	10	3	168.36363	-33.252335	6.370818	-21.255228	-57.557198	26000	5.6028364e-09	74.90962	-0.019471845	-13.402142	1.2438222	0.013039533	0.155	79.0	70.96968150138855
13	-32.729427	9.515578	-11.519488	-50.698566	85.0	14	7	14	1	139.64285	-30.746315	4.8897896	-17.88471	-52.797638	28000	6.437302e-09	124.176476	-0.012197308	-15.515137	1.2173408	0.015988942	0.1125	11.0	75.11915612220764
14	-28.399393	6.6450834	-17.359499	-41.509026	71.47058823529412	13	4	16	1	132.33333	-30.250298	4.4353633	-15.990414	-39.838238	30000	-1.4305114e-08	57.61942	-0.019171989	-14.015461	1.2353207	0.012488102	0.0995	79.0	80.47371244430542
15	-22.013597	9.026161	-7.981579	-33.84572	59.705882352941174	11	2	13	1	132.8	-26.939133	5.1951103	-13.700997	-44.743225	32000	4.1127204e-09	122.47074	-0.009365046	-33.22635	1.2376971	0.015651414	0.104	14.0	85.60368967056274
16	-24.50918	11.456059	-6.2907267	-41.756943	24.411764705882355	13	0	15	0	117.23529	-20.946535	3.5999572	-11.304269	-27.448225	34000	1.2397766e-08	147.79471	-0.021726562	-11.7560425	1.2075888	0.007817423	0.1345	79.0	90.44087076187134
17	-21.010216	10.596502	-5.944889	-39.06792	49.54545454545454	9	2	12	1	121.6875	-22.717289	4.6930413	-10.782036	-43.313007	36000	1.1086464e-08	102.06318	-0.024426505	-18.295387	1.211414	0.011634796	0.1125	79.0	95.830411195755
18	-18.468746	9.064939	-7.0546556	-38.61059	35.0	9	2	12	1	127.53333	-19.258543	3.645253	-10.6260395	-26.10285	38000	-1.8835069e-08	61.2206	-0.012890347	-9.805073	1.2249812	0.009561819	0.09	79.0	100.67804622650146
19	-19.164055	8.775118	-5.6241903	-33.84306	30.789473684210526	9	2	12	0	124.125	-16.257025	3.5310678	-7.510639	-22.892115	40000	-8.5830685e-09	90.97838	-0.010183609	-6.415245	1.2367781	0.017427715	0.1255	10.0	104.90870976448059
20	-16.707394	9.026325	-6.9784126	-36.757725	25.0	5	1	7	5	221.66667	-16.821587	6.7491713	-7.0873303	-54.697525	42000	-1.8835069e-08	114.403786	-0.01737212	-10.785278	1.2683057	0.0029853354	0.109	79.0	109.38239669799805
21	-12.693918	6.7884	-6.6857514	-34.752644	19.705882352941174	5	0	9	1	122.1875	-16.145357	4.1663938	-8.183894	-23.645306	44000	-1.1324882e-08	118.86008	-0.022719448	-23.88018	1.2392473	0.011660772	0.1735	79.0	115.10752725601196
22	-9.514725	6.8219304	-4.119637	-31.553473	14.411764705882355	1	0	5	1	120.1875	-12.930144	3.7733505	-6.651008	-30.325546	46000	-1.8119811e-08	69.28074	-0.01624008	-10.099739	1.1955562	0.009653056	0.078	79.0	120.26656484603882
23	-10.569023	3.2599776	-5.993235	-19.029129	9.54545454545454	5	0	10	0	92.47619	-10.220161	1.9476076	-5.4884152	-15.1028595	48000	9.417534e-09	15.818829	-0.022365335	-1.0346861	1.1617446	0.009034649	0.13	79.0	127.01596808433533
24	-7.2133555	2.6735337	-4.2780237	-16.119629	5.0	2	0	1	1	104.89474	-9.921256	1.8571647	-5.565111	-14.588418	50000	4.005432e-08	21.428799	-0.0176502	-12.921601	1.1528085	0.004764296	0.0995	79.0	135.38662695884705
25	-6.520569	2.521522	-3.2629247	-11.443122	0.789473684210526	0	0	2	1	108.0	-6.1162157	1.1584947	-3.8337963	-10.866349	52000	1.3232231e-08	8.013622	-0.020511795	-0.6260843	1.163968	0.0078472085	0.101	79.0	141.51470613479614
26	-5.3700323	1.6058321	-2.4320426	-8.579336	0	0	0	0	0	98.4	-5.8225713	0.89273745	-3.827606	-8.238869	54000	-2.2292138e-08	3.447501	-0.02075094	-1.1480911	1.1195719	0.012669944	0.116	79.0	147.94006943702698
27	-5.1389823	2.058465	-2.456206	-9.8372755	0.5555555555555554	0	0	1	0	113.52941	-4.8303847	0.812171	-3.3888612	-7.3657784	56000	1.692772e-08	3.5771704	-0.015918402	-0.24026012	1.117564	0.010288655	0.136	79.0	155.90503978729248
28	-4.51318	1.3093983	-3.1824465	-7.732914	0.8823529411764701	0	0	0	1	120.875	-4.592158	0.79437155	-3.2608662	-7.7887654	58000	1.013279e-08	2.7067695	-0.015938204	-0.64253664	1.1026324	0.011751223	0.1105	79.0	161.61114835739136
29	-5.074144	1.9369982	-2.899316	-10.100859	0	0	0	1	0	101.89474	-3.7857373	0.5688345	-2.8390608	-5.767771	60000	-9.298325e-09	4.1430254	-0.014004118	-1.1282856	1.08118	0.010078312	0.0805	79.0	171.59783411026
30	-4.9484563	1.5341935	-2.5021644	-8.333908	0	0	0	0	0	108.666664	-4.259129	0.6037111	-3.2047145	-6.289595	62000	-1.34706495e-08	2.1293302	-0.015205944	-0.1146245	1.0803673	0.0071556643	0.095	79.0	178.93508625030518
31	-4.5381856	1.3751779	-3.058233	-9.113281	6.111111111111111	0	0	2	0	117.0	-4.2452316	0.6126331	-3.251973	-6.1703415	64000	-2.2768974e-08	1.5985417	-0.0072196275	-0.19365859	1.0772235	0.015576489	0.222	7.0	185.91941142082214
32	-4.635134	1.389785	-2.841039	-8.58142	0	0	0	0	0	130.33333	-3.788808	0.4873649	-3.031725	-5.6287117	66000	2.1457671e-09	1.5823504	-0.013429639	-0.0508641	1.1109487	0.008363307	0.0645	79.0	191.3691909313202
33	-3.7177644	0.7139652	-2.7421455	-5.199873	0	0	0	0	0	127.666664	-4.025111	0.54040855	-3.1451795	-5.841581	68000	4.148483e-08	1.5104871	-0.009761001	-0.82247514	1.0828671	0.0058031566	0.0595	79.0	197.42543625831604
34	-3.8439298	0.8545007	-2.284494	-5.7884817	0	0	0	0	0	132.64285	-3.0751827	0.3888786	-2.5754635	-4.6015215	70000	-4.053116e-09	0.9877984	-0.01414606	-0.082328856	1.0750613	0.012652884	0.1015	79.0	204.95655155181885
35	-4.1536975	0.91134864	-2.6759179	-6.5881734	0	0	0	0	0	130.26666	-3.250359	0.41241923	-2.6981997	-4.8498054	72000	4.2915342e-09	0.73609585	-0.014191284	-0.06822175	1.0666171	0.007408453	0.084	79.0	212.45545101165771
36	-3.828061	0.7799726	-2.4569201	-5.4212112	1.25	0	0	1	0	131.93333	-3.454131	0.46378675	-2.8346176	-5.0909514	74000	-2.3841857e-09	0.7545592	-0.013763064	-0.09331679	1.0573812	0.004623422	0.0735	79.0	217.5250825881958
37	-3.651279	0.6432242	-2.7173545	-4.8700385	1.25	0	0	1	0	133.06667	-3.17283	0.4261866	-2.6453435	-4.8179483	76000	-8.106232e-09	0.4982415	-0.012829871	-0.036023468	1.046543	0.009230022	0.12	79.0	222.58729195594788
38	-3.8128927	0.8410374	-2.139924	-5.6657763	0	0	0	0	0	137.57143	-2.9904325	0.3553623	-2.5225177	-4.5413833	78000	-2.2649764e-09	0.7709352	-0.014722584	-0.030873	1.0445942	0.01064022	0.1035	79.0	227.95189023017883
39	-3.14718	0.69938684	-2.3396575	-4.850765	0	0	0	0	0	134.71428	-3.1555448	0.41034624	-2.6056395	-4.669364	80000	1.1563301e-08	0.91601384	-0.011580922	-0.3880108	1.0544364	0.0063394816	0.06	79.0	233.11220479011536
40	-3.4526799	0.45792058	-2.5923247	-4.074344	1.666666666666667	0	0	1	0	141.5	-2.5813248	0.34690365	-2.1973639	-4.142391	82000	-6.9141386e-09	0.26430613	-0.007852837	-0.04815443	1.0349505	0.00653299	0.0475	79.0	238.1990087032318
41	-3.5141912	0.5428216	-2.4147189	-4.265745	0	0	0	0	0	136.57143	-2.7205627	0.35533723	-2.2933574	-4.2503757	84000	1.525879e-08	0.31379148	-0.008429292	-0.018249303	1.0365835	0.004962312	0.073	79.0	243.43681001663208
42	-3.264332	0.64502776	-2.458674	-4.708472	0	0	0	0	0	137.71428	-2.8459744	0.40391964	-2.3529236	-4.4567823	86000	-3.4570693e-08	0.46624544	-0.011232467	-0.06612292	0.99836427	0.008147433	0.067	79.0	248.72335815429688
43	-3.3898487	0.55366707	-2.5704339	-4.434595	0	0	0	0	0	140.57143	-2.6591468	0.38716483	-2.1885426	-4.1900067	88000	-5.2452087e-09	0.30072287	-0.011692341	-0.0081089735	0.97864246	0.0058025704	0.072	79.0	256.0265772342682
44	-3.2963274	0.31893024	-2.6695151	-3.6961868	0	0	0	0	0	140.21428	-2.6720018	0.36622146	-2.2113605	-4.1515775	90000	-1.20997425e-08	0.15476233	-0.013205771	-0.008771807	0.9762715	0.011001688	0.1235	79.0	263.9046256542206
45	-3.430076	0.4288476	-2.50081	-4.180059	0	0	0	0	0	136.5	-2.633961	0.35098627	-2.1464465	-4.000969	92000	1.5854836e-08	0.20937	-0.011457438	-0.021269083	0.9900469	0.0074775196	0.0925	79.0	270.7719864845276
46	-3.4201634	0.55831367	-2.6696	-4.568218	0	0	0	0	0	138.07143	-2.7170556	0.40018034	-2.1973999	-4.132518	94000	-2.6226044e-09	0.35521203	-0.008645454	-0.0058889985	0.9860067	0.0061358344	0.0565	79.0	278.55469155311584
47	-3.3328452	0.42391872	-2.6303177	-4.157773	0	0	0	0	0	139.85715	-2.7248936	0.39523777	-2.2067149	-4.065278	96000	-1.859665e-08	0.21683398	-0.009570817	-0.008473679	0.9758627	0.0088214455	0.044	79.0	284.15660190582275
48	-3.2428823	0.6136352	-2.3028347	-4.38063	0	0	0	0	0	138.5	-2.7074804	0.41783175	-2.1495984	-4.1125193	98000	9.775162e-09	0.45998824	-0.011874805	-0.028319329	0.9575467	0.012120314	0.0755	79.0	288.0796766281128
49	-2.9371588	0.36642334	-2.192272	-3.4839242	1.25	0	0	1	0	132.4	-2.5472813	0.3671046	-2.0484328	-3.8416362	100000	2.4795533e-08	0.21425605	-0.009050145	-0.06844136	0.9740119	0.0053360574	0.0475	79.0	291.5950458049774
