Epoch	AverageEpRet	StdEpRet	MaxEpRet	MinEpRet	%Crash	EpLen	AverageVVals	StdVVals	MaxVVals	MinVVals	TotalEnvInteracts	LossPi	LossV	DeltaLossPi	DeltaLossV	Entropy	KL	ClipFrac	StopIter	Time
0	-27.775148	10.087989	-14.4150505	-47.44203	100.0	209.77777	0.5209458	0.43908292	2.8266823	0.03238049	2000	6.2584874e-08	875.4457	-0.02548231	-716.7008	1.348624	0.013866283	0.11	79.0	3.234607696533203
1	-26.62475	10.06106	-9.614378	-42.91646	100.0	187.8	-25.47161	12.145565	-11.7792635	-66.09826	4000	-1.001358e-08	178.64772	-0.017804796	-71.653275	1.2757714	0.0023008112	0.1325	79.0	5.340551137924194
2	-25.518072	8.703165	-10.020228	-39.06407	100.0	157.0	-20.893356	10.822478	-7.7492914	-63.79568	6000	1.704693e-08	115.54995	-0.014139128	-54.219692	1.2586278	0.015117758	0.148	15.0	7.529313802719116
3	-19.41056	8.004248	-7.9129863	-31.620815	100.0	125.666664	-25.475424	6.306298	-14.293994	-42.45263	8000	2.5272369e-08	150.84807	-0.022531671	-74.04547	1.3371911	0.01045728	0.13	79.0	10.215397834777832
4	-25.664093	8.645667	-12.094879	-46.988747	100.0	139.85715	-21.974989	6.4333916	-10.934456	-38.792507	10000	2.0503998e-08	103.60215	-0.02638667	-47.0475	1.3400633	0.014245411	0.2135	79.0	12.6574387550354
5	-20.288126	8.146968	-10.584712	-37.495365	100.0	107.22222	-21.779291	2.8881133	-11.036531	-31.23384	12000	-2.2292138e-08	64.902306	-0.023585347	-13.239876	1.3446236	0.015115759	0.141	63.0	15.597393274307251
6	-17.308262	5.6502757	-8.839176	-26.231688	100.0	97.3	-17.510233	2.6881647	-10.753478	-23.61185	14000	2.0861625e-08	44.750095	-0.025384394	-8.622097	1.3272835	0.011952634	0.1755	79.0	18.655415058135986
7	-17.927704	6.379864	-3.0545309	-30.02792	100.0	97.4	-16.351078	2.4185143	-8.729534	-21.560596	16000	-4.23193e-09	46.03353	-0.017809961	-10.852665	1.2976084	0.012249347	0.1345	79.0	21.68950605392456
8	-13.94928	10.865817	9.932663	-28.780201	86.95652173913044	89.59091	-15.826024	2.6512513	-6.4879365	-25.821587	18000	-9.298325e-09	106.487564	-0.011191179	-24.66452	1.2708101	0.015246542	0.1995	16.0	24.739242553710938
9	-13.750445	9.720627	7.3100815	-27.809113	92.0	78.958336	-12.151702	4.939573	-1.5973473	-24.028461	20000	-7.629395e-09	76.61185	-0.017380478	-7.7283936	1.2202487	0.015042792	0.285	21.0	28.06406831741333
10	-10.864477	11.146073	8.787003	-27.85052	88.46153846153845	77.84	-13.437196	3.8181887	-4.7949934	-23.987143	22000	1.1444092e-08	86.54226	-0.012941108	-24.232162	1.1392623	0.016934155	0.147	10.0	31.49799156188965
11	-2.2142723	7.879891	9.542857	-17.340054	86.66666666666667	68.793106	-6.063453	4.8536377	0.8695595	-19.702347	24000	4.4345857e-08	76.98075	-0.0019251732	-29.3064	1.0202987	0.015280061	0.162	11.0	35.245606899261475
12	-4.492209	9.3541765	6.643739	-25.12409	96.96969696969697	62.0625	-2.893467	3.2068644	1.4342012	-14.759687	26000	-1.9073486e-08	64.01773	-0.014427118	-13.9026375	0.90737367	0.005455963	0.0645	79.0	39.427825927734375
13	-2.3737006	6.221961	7.7782345	-16.90613	93.93939393939394	61.0625	-3.633386	3.6311157	1.5507745	-16.694353	28000	-4.053116e-09	27.215618	-0.014808911	-6.475876	0.87831455	0.0055838926	0.1015	79.0	43.75800895690918
14	-0.9346235	4.942705	7.146303	-12.7183075	93.93939393939394	60.59375	-1.6062734	2.8552427	2.4089212	-12.377834	30000	5.00679e-09	18.803898	-0.015368523	-2.848051	0.85020864	0.005425327	0.079	79.0	48.011953592300415
15	0.40760323	4.2118945	6.9479876	-11.579804	91.17647058823529	60.484848	-0.42457405	2.1032276	3.4148936	-7.7163796	32000	-1.6212464e-08	17.617296	-0.018630642	-4.817115	0.8308976	0.0069523915	0.115	79.0	52.46688103675842
16	1.8038249	4.4883966	9.389137	-6.858054	72.72727272727273	62.3125	1.1566505	1.9925504	4.1493587	-8.326296	34000	2.6226044e-09	20.331797	-0.00665075	-5.6730795	0.85789853	0.015447662	0.185	10.0	56.5383505821228
17	3.7593563	3.4269414	9.049724	-4.216841	74.19354838709677	65.0	2.148124	1.9055651	5.368326	-4.1275916	36000	1.9550324e-08	14.604938	-0.016280007	-4.586482	0.9038462	0.005947818	0.0795	79.0	60.6543550491333
18	4.9188128	2.604427	9.401122	-1.0628978	50.0	67.0	4.324002	1.5692434	7.6634555	-1.6226177	38000	-1.6689301e-09	6.913347	-0.016139768	-1.3707771	0.9159298	0.0063584703	0.106	79.0	64.67554211616516
19	5.095011	2.8622115	9.721973	-0.8297566	64.51612903225806	65.933334	4.928545	1.7520336	9.062558	-1.9993541	40000	-1.37090685e-08	5.543725	-0.01581237	-0.8610344	0.90469205	0.0071667633	0.1	79.0	69.25418853759766
20	6.9257507	2.1883264	11.052911	1.3592632	32.25806451612903	66.63333	5.9758086	1.6624749	9.848463	0.29862687	42000	7.2717667e-09	6.059975	-0.016125318	-1.9760141	0.90370804	0.0049361293	0.104	79.0	73.5973391532898
21	5.225576	6.375344	10.3276415	-25.373585	48.38709677419355	66.4	7.237193	1.8733974	16.035746	-3.5682685	44000	-2.8133393e-08	67.98156	-0.020324308	-31.469048	0.8564121	0.013604729	0.0905	79.0	77.74531030654907
22	5.864181	2.2385526	10.010921	0.44573793	46.875	62.967743	5.8226824	2.235998	9.483626	-3.0159132	46000	2.6226044e-09	8.230104	-0.012982806	-4.2353277	0.81412935	0.0068563577	0.0615	79.0	82.12608480453491
23	6.431831	2.7752953	9.614225	-3.8230333	42.42424242424242	61.75	6.553098	1.2333027	8.898171	2.720985	48000	7.390976e-09	5.103252	-0.0048317146	-0.88264227	0.7761675	0.016478145	0.179	6.0	86.2338457107544
24	6.222729	2.072086	9.425376	-1.22214	54.54545454545454	61.65625	6.6988907	1.3889399	9.1119	2.5084522	50000	6.6757204e-09	3.963675	-0.016217351	-1.4559507	0.7888273	0.0073172953	0.0645	79.0	97.71676826477051
25	6.495154	1.9364061	10.150624	2.3109307	53.125	62.83871	6.716826	1.3410426	9.484757	1.5850495	52000	6.9141386e-09	4.849685	-0.006630456	-1.0976884	0.78491443	0.017875066	0.23	6.0	101.98447442054749
26	7.473843	1.8260657	10.87399	3.8518395	25.806451612903224	65.9	6.64988	1.0592848	8.580305	3.0845497	54000	-1.0967255e-08	3.7216856	-0.012032757	-1.5869696	0.8232601	0.015378547	0.08	44.0	106.14575600624084
27	8.620901	1.7679448	11.254622	3.4964375	17.24137931034483	69.17857	7.746591	1.2374029	9.581346	3.3122249	56000	-1.1324882e-08	3.9498239	-0.01332136	-1.9798634	0.8638486	0.0047240816	0.0635	79.0	110.16097044944763
28	8.371801	1.6815883	11.287814	4.96143	23.333333333333332	67.586205	9.1459255	1.1176435	11.600642	5.733667	58000	-3.218651e-09	3.074001	-0.014843403	-0.7120857	0.8538044	0.0019164465	0.0775	79.0	114.30591034889221
29	8.72257	2.0133395	11.290598	2.6311839	13.793103448275861	70.21429	8.680007	1.0448465	11.289767	5.5016966	60000	-8.225441e-09	3.1883347	-0.016895765	-0.86700845	0.8455481	0.002970515	0.0695	79.0	118.2492778301239
30	9.25506	1.2538203	11.501182	6.0823216	6.896551724137931	71.25	9.129891	1.072886	10.719309	4.91258	62000	7.629395e-09	1.3944651	-0.010662944	-0.50194204	0.86998856	0.009241052	0.061	79.0	177.05340242385864
31	9.280312	1.3567092	11.622532	5.6688266	10.714285714285714	73.92593	9.664625	0.8054183	11.311453	6.339182	64000	1.1324882e-08	1.4555207	-0.016829658	-0.38760352	0.8600399	0.0073566353	0.084	79.0	183.01860547065735
32	9.670868	1.466139	12.184122	5.034388	10.714285714285714	71.96296	9.220383	1.3604246	11.430654	5.371079	66000	1.704693e-08	2.541191	-0.006539835	-1.1557751	0.8620338	0.015026835	0.2695	9.0	186.68374514579773
33	10.106561	1.1825819	11.937633	7.398549	0.0	82.041664	10.273708	0.95990044	12.059274	7.105174	68000	2.6226044e-09	1.0335262	-0.015234368	-0.16485924	0.9408711	0.0028283622	0.082	79.0	190.31199479103088
34	10.2722025	1.0272766	12.233429	7.7214365	3.7037037037037033	76.07692	10.455184	0.81615764	12.075982	7.3594303	70000	-1.3232231e-08	0.6642926	-0.01102805	-0.08682197	0.9073281	0.0050994908	0.0585	79.0	194.0416078567505
35	10.439715	0.95915926	12.061095	8.199526	0.0	80.75	10.807232	0.6951519	12.195689	8.323138	72000	-2.384186e-10	0.5932672	-0.0153251635	-0.040136814	0.9121157	0.0034214084	0.066	79.0	213.28061366081238
36	10.823074	1.0093176	12.116948	7.5718045	0.0	81.625	11.0656	0.48591566	12.165518	9.241903	74000	-1.4305114e-08	0.9359156	-0.01279874	-0.1868769	0.89059395	0.003861751	0.084	79.0	216.82938933372498
37	10.866014	1.0530609	12.473004	8.496125	4.166666666666666	86.391304	11.116651	0.61808467	12.340902	8.220861	76000	1.168251e-08	0.7862076	-0.014110408	-0.22072607	0.89926845	0.0055537466	0.083	79.0	220.2010371685028
38	11.3512	0.7812573	12.789601	9.77149	0.0	88.0	11.326889	0.8021994	12.903359	8.480402	78000	-2.2172928e-08	0.5950475	-0.01753062	-0.26079795	0.89851093	0.009488579	0.0965	79.0	224.34987354278564
39	11.509821	0.7992221	13.329302	9.720806	4.761904761904762	99.45	11.937429	0.6802382	13.715816	9.39046	80000	-1.0490417e-08	0.807741	-0.012785761	-0.15745938	0.92751867	0.004511639	0.0985	79.0	227.45364332199097
40	12.032311	0.61744595	12.928533	10.577998	5.263157894736842	110.27778	12.008962	0.5171785	13.164541	10.198926	82000	5.722046e-09	0.69099087	-0.008842827	-0.30864033	0.970303	0.015772551	0.1055	19.0	230.3142728805542
41	11.981092	0.60703766	12.889693	10.9288845	0.0	107.388885	12.376361	0.5117812	13.37319	10.907583	84000	-9.536743e-09	0.44092235	-0.0139668165	-0.089445174	0.94712305	0.006857821	0.0685	79.0	241.2766363620758
42	11.990075	0.8977996	13.276856	9.515454	0.0	104.10526	12.574985	0.38787878	13.343805	11.017288	86000	1.168251e-08	0.7106852	-0.01457067	-0.16620785	0.9074073	0.0070587657	0.0835	79.0	244.39514231681824
43	11.974143	1.029596	13.358122	9.259097	0.0	105.5	12.427155	0.6120515	13.62127	10.571726	88000	3.4689904e-08	1.1094794	-0.0114956815	-0.39367658	0.9082671	0.015397366	0.0865	17.0	247.16142582893372
44	12.115808	0.72158265	13.316558	10.392969	0.0	108.0	12.458132	0.47234303	13.324036	10.405926	90000	-9.6559525e-09	0.61679596	-0.018930767	-0.14846945	0.900877	0.004967768	0.098	79.0	250.1405918598175
45	11.89252	0.80450547	13.243003	9.246916	5.0	103.73684	12.441816	0.5030558	13.346185	11.1441145	92000	2.384186e-10	0.57312673	-0.013689004	-0.030715466	0.9106219	0.0040651234	0.06	79.0	255.86940360069275
46	12.500597	0.3973728	13.309865	11.708899	0.0	114.411766	12.547705	0.36790088	13.38997	11.109633	94000	5.722046e-09	0.38286382	-0.01169888	-0.2222839	0.8826601	0.00672949	0.051	79.0	259.1924819946289
47	12.22308	0.40163743	13.185612	11.592822	0.0	108.388885	12.922941	0.49321443	14.222581	11.319349	96000	-5.722046e-09	0.2662005	-0.019097682	-0.086570665	0.9228238	0.012031922	0.1165	79.0	262.3017408847809
48	12.497855	0.61591935	13.276346	11.012767	0.0	119.5625	12.761955	0.3824268	13.578624	11.541366	98000	5.2452087e-09	0.4407317	-0.007927313	-0.091420114	0.9202016	0.017079065	0.1995	7.0	265.0095360279083
49	12.536303	0.7176491	13.404729	10.727662	4.761904761904762	99.6	12.978312	0.50892395	14.625226	11.510627	100000	6.198883e-09	0.4627894	-0.016932957	-0.031019062	0.86378175	0.009581985	0.097	79.0	268.2136459350586
