Epoch	AverageEpRet	StdEpRet	MaxEpRet	MinEpRet	%Crash	EpLen	AverageVVals	StdVVals	MaxVVals	MinVVals	TotalEnvInteracts	LossPi	LossV	DeltaLossPi	DeltaLossV	Entropy	KL	ClipFrac	StopIter	Time
0	-23.145773	9.275605	-10.070703	-42.136326	95.83333333333334	172.60869	0.71272475	0.7407541	3.9109814	0.07577804	4000	-3.4153462e-08	759.26	-0.021648606	-595.6003	1.2512048	0.014383758	0.139	79.0	3.756495952606201
1	-25.985668	8.878406	-9.710033	-43.456696	100.0	152.15384	-14.4419985	6.0497313	-7.4660673	-34.846684	8000	-5.400181e-08	227.62297	-0.019719264	-117.98878	1.3210981	0.012482037	0.17325	79.0	7.480948448181152
2	-29.810827	12.534831	-12.79913	-64.76508	100.0	156.68	-32.614708	29.161547	-12.967723	-131.1187	12000	1.5497208e-09	493.24588	-0.014942976	-284.39093	1.1740625	0.015271616	0.10875	58.0	11.087657928466797
3	-20.655493	11.098724	3.3793695	-38.483173	100.0	133.06667	-22.488184	8.238315	-8.01781	-58.947174	16000	3.516674e-09	119.60007	-0.014789202	-33.08956	1.3255104	0.006327843	0.05	79.0	15.362319231033325
4	-21.06942	7.0252385	-7.6179175	-36.281826	100.0	117.411766	-17.536516	4.953819	-6.470995	-31.95767	20000	-6.6757204e-09	101.944115	-0.015731381	-50.227535	1.315059	0.017458595	0.07525	11.0	20.038004398345947
5	-21.471241	8.306264	-6.38259	-39.088123	100.0	155.88	-20.673079	7.180937	-4.719982	-50.669926	24000	-1.07288365e-08	96.45734	-0.0087669855	-26.793457	1.313009	0.016076898	0.14375	9.0	23.719106435775757
6	-17.362066	6.85824	-3.2531765	-30.91472	100.0	127.935486	-16.755796	1.8780737	-11.2164755	-23.460089	28000	-6.7949295e-09	55.60281	-0.017094838	-7.1976433	1.3124405	0.0119967135	0.1085	79.0	27.98152494430542
7	-14.065472	9.489579	6.9554043	-27.520588	97.14285714285714	116.32353	-15.617826	2.4170544	-9.59202	-26.48675	32000	-4.7683715e-09	87.563095	-0.013091518	-22.540413	1.273917	0.01406855	0.1525	79.0	32.08647322654724
8	-8.759491	10.775636	8.02803	-25.928722	92.6829268292683	98.25	-10.846447	3.262752	-4.226688	-22.184177	36000	-2.861023e-09	116.0229	-0.01962095	-26.782814	1.2408255	0.009973359	0.22375	79.0	37.40568566322327
9	-5.11197	9.607126	9.378977	-28.38465	92.15686274509804	79.18	-7.6225953	2.0761702	-4.1644444	-17.694075	40000	3.6478042e-08	82.21921	-0.0144412955	-18.179222	1.1395043	0.0055122273	0.0845	79.0	43.30369257926941
10	-1.86848	6.904926	7.925004	-15.391626	92.15686274509804	79.96	-3.7243834	2.5529618	0.56583786	-14.38097	44000	-5.00679e-09	42.423	-0.01649942	-8.758976	1.095157	0.010303605	0.104	79.0	48.884605884552
11	2.2337592	3.6292255	8.593837	-7.8768263	86.27450980392157	79.62	-1.0715687	2.3007517	4.725935	-8.61337	48000	-1.8119811e-08	29.899073	-0.016100807	-17.655909	1.0845084	0.008109088	0.12175	79.0	54.32719039916992
12	2.6465735	3.398259	7.1987824	-9.447966	91.37931034482759	69.59649	3.1327105	1.3585129	6.968298	-1.8627427	52000	7.7486035e-09	11.224024	-0.016532015	-1.9689617	0.99480134	0.009155046	0.12075	79.0	60.85499119758606
13	4.245538	3.076086	9.231388	-6.378822	79.66101694915254	68.413795	3.154921	1.1033057	5.5338726	-1.4374627	56000	-4.6014787e-08	11.192246	-0.013469994	-2.9275618	0.9740654	0.0030890487	0.09425	79.0	67.24942064285278
14	5.3248515	2.0513527	9.032336	-0.14728361	85.24590163934425	66.433334	4.6114316	0.9796857	6.9012327	-1.1813031	60000	-1.6093255e-08	4.769906	-0.011745072	-1.7847319	0.9325984	0.009023228	0.07025	79.0	73.55905747413635
15	5.9637303	1.8920553	9.161297	-0.22491625	75.0	66.67796	6.1658363	1.2275815	9.084841	2.72519	64000	-7.867813e-09	3.6902106	-0.008525163	-0.33374047	0.93161535	0.0053454614	0.0665	79.0	80.97178745269775
16	6.693871	1.8753338	10.307994	2.5635803	68.85245901639344	65.933334	6.2223234	0.8473664	8.615831	2.61339	68000	-1.7881394e-08	3.946892	-0.01304902	-0.8748691	0.9158639	0.009308671	0.1045	79.0	87.34899067878723
17	6.235657	2.0331001	10.314507	0.40209267	69.35483870967742	64.90164	7.11956	1.2733605	11.201623	2.9708498	72000	4.5895576e-09	4.795208	-0.01404521	-0.8208127	0.8797092	0.005756509	0.11075	79.0	94.5972695350647
18	6.5213857	2.2278166	11.6015625	0.4737229	61.29032258064516	64.540985	6.6440372	0.79133993	8.983909	3.5086255	76000	-3.0994416e-09	5.3330092	-0.011685882	-0.4203248	0.8547565	0.0065987385	0.093	79.0	101.78317523002625
19	7.5385556	1.7830677	11.132906	2.515858	52.459016393442624	66.25	6.8841934	0.6994253	8.751363	3.0050488	80000	-2.0503998e-08	4.22975	-0.010842106	-1.678349	0.86945087	0.007937159	0.09	79.0	108.6749587059021
20	8.016397	2.017594	10.695596	1.0507276	38.983050847457626	68.81035	7.9464707	1.1774108	10.735408	3.1975915	84000	-1.0728836e-09	3.0536318	-0.010065955	-0.62849927	0.89664197	0.01525916	0.086	39.0	115.16323184967041
21	8.522908	1.3195817	11.072542	5.070027	15.789473684210526	71.35714	8.357101	1.4290795	11.617997	2.0255961	88000	4.6491624e-09	2.6858447	-0.011209669	-0.9196048	0.90706336	0.0066828844	0.05675	79.0	122.27388548851013
22	8.509872	1.3448553	11.0091095	4.8630013	25.0	67.745766	8.91393	0.91244197	11.307303	5.1198573	92000	1.0073185e-08	1.5388304	-0.0119383745	-0.13839257	0.8525388	0.009135559	0.0605	79.0	129.46573162078857
23	8.879819	1.1425648	10.9776	6.2876854	13.559322033898304	68.05173	8.647355	0.94008356	12.3603735	5.070721	96000	-1.9073487e-09	1.9824282	-0.009670733	-0.59278095	0.8226166	0.003316459	0.06475	79.0	135.82912135124207
24	9.323308	1.2459217	12.382134	5.9139576	8.771929824561402	71.39286	9.2364025	0.55285853	11.180746	5.56474	100000	-1.192093e-10	1.7784781	-0.010500188	-0.51014495	0.8694914	0.0053351275	0.05975	79.0	142.66494154930115
25	9.117277	1.2533514	11.931098	5.314598	17.543859649122805	70.78571	9.71097	0.93155146	11.98856	4.876682	104000	7.7486035e-09	1.2925766	-0.010815007	-0.2952721	0.8582332	0.0071553374	0.07775	79.0	150.06238079071045
26	9.431728	1.4124591	12.229367	6.2730494	10.344827586206897	69.38596	9.423641	0.9696556	11.889823	6.3967013	108000	2.6464463e-08	2.5940068	-0.017373793	-0.60537016	0.8288115	0.011218625	0.1255	79.0	156.9081747531891
27	10.4071455	1.1138825	12.567156	7.543707	1.8518518518518516	74.37736	9.882939	0.5575962	11.921385	7.7124386	112000	1.4960765e-08	2.0474503	-0.012476055	-1.0544157	0.8494481	0.006306091	0.09825	79.0	163.79106283187866
28	10.459669	1.2243576	12.932809	6.4793854	1.9607843137254901	79.38	10.93983	0.876675	14.373638	8.582178	116000	-5.722046e-09	1.0957133	-0.014789579	-0.2615764	0.8887384	0.013063993	0.14225	79.0	170.05304217338562
29	11.017786	1.1013726	13.008283	8.566567	0.0	80.95918	10.949883	0.8475351	13.29089	8.266791	120000	-1.168251e-08	1.0848343	-0.006010352	-0.37908024	0.87330854	0.0151804825	0.09775	11.0	175.81034994125366
30	11.229738	0.7391903	12.646175	9.5144	0.0	95.68293	11.656058	0.813344	14.166235	8.327088	124000	-1.2874604e-08	0.5662327	-0.0144489	-0.15899646	0.9386725	0.009557562	0.109	79.0	181.17063117027283
31	11.579552	0.7480272	13.035366	9.691711	0.0	103.8421	11.865881	0.5831875	13.272098	9.800613	128000	-1.6242266e-08	0.61645544	-0.012743521	-0.13059518	0.9716938	0.00808947	0.09175	79.0	185.955668926239
32	11.71977	0.7261172	12.874813	9.933091	0.0	105.35135	12.105558	0.53157574	13.55225	10.336055	132000	-2.861023e-09	0.56152976	-0.015103951	-0.082154036	0.9246839	0.012831879	0.09625	79.0	191.12282013893127
33	11.996749	0.603661	13.360016	10.611548	0.0	102.947365	12.290928	0.54553425	13.6756735	10.422608	136000	1.0967255e-08	0.45020065	-0.012966915	-0.11603388	0.92337865	0.0064356932	0.08975	79.0	196.04420018196106
34	12.031237	0.53775626	13.177558	10.346996	0.0	120.63636	12.496177	0.51341075	13.93635	11.055923	140000	-2.3841857e-09	0.30269784	-0.010210716	-0.03875032	0.9580455	0.007412083	0.08575	79.0	200.39066290855408
35	12.19314	0.5432836	13.094875	11.022456	0.0	128.0	12.7015295	0.5543697	13.824592	10.728401	144000	4.708767e-09	0.32535487	-0.00905148	-0.076231405	0.93361056	0.010567718	0.085	79.0	204.9596507549286
36	12.244931	0.41981778	13.094616	11.162997	0.0	105.75676	12.620662	0.5069495	14.232937	10.996486	148000	6.437302e-09	0.2627387	-0.010812743	-0.055330917	0.91727394	0.008394561	0.08725	79.0	210.01796317100525
37	12.413791	0.48348105	13.408507	11.321377	0.0	107.054054	12.74341	0.41897985	13.863832	11.266374	152000	5.841255e-09	0.30470484	-0.011494036	-0.07709415	0.9073914	0.004202474	0.06325	79.0	215.09985828399658
38	12.463062	0.53521824	13.606428	10.98745	0.0	109.388885	12.9003105	0.49012047	14.263699	11.344677	156000	1.5497208e-09	0.27235374	-0.010125442	-0.0252987	0.8812189	0.0068856324	0.05925	79.0	219.96537399291992
39	12.372868	0.43799525	13.119005	11.224888	0.0	109.638885	13.014766	0.44916943	14.177885	11.489615	160000	1.6689301e-09	0.20164786	-0.011642977	-0.031160131	0.8765883	0.0067626145	0.06275	79.0	224.97456288337708
40	12.589819	0.520743	13.331668	11.2260895	0.0	110.166664	12.891285	0.45297462	14.133886	11.51687	164000	5.4836273e-09	0.2985167	-0.0037691179	-0.07304834	0.8668677	0.015489411	0.16575	7.0	229.70010256767273
41	12.573334	0.6326304	13.463551	10.906998	0.0	123.0625	13.18673	0.5186336	14.542944	11.777489	168000	6.437302e-09	0.35504737	-0.012490008	-0.0370242	0.8890504	0.0063256216	0.0815	79.0	234.040105342865
42	12.6687155	0.48248854	13.526284	11.564609	0.0	131.16667	13.145009	0.47751164	14.24175	11.673325	172000	4.6491624e-09	0.2321245	-0.009651181	-0.015872687	0.9155056	0.009494871	0.0785	79.0	238.07444190979004
43	12.793165	0.47407025	13.433526	11.632589	0.0	129.43333	13.23251	0.478807	14.259784	11.738326	176000	8.225441e-09	0.22505136	-0.009075643	-0.021001205	0.8942218	0.0056898943	0.06525	79.0	242.38214683532715
44	12.624405	0.56594145	13.4597	9.84196	0.0	119.393936	13.310209	0.4596406	14.395773	11.799305	180000	1.0251999e-08	0.2656235	-0.009993119	-0.062009364	0.8648283	0.005600506	0.052	79.0	247.2002398967743
45	12.603649	0.4734392	13.512917	11.689316	0.0	119.48485	13.180285	0.4702811	14.208151	11.64546	184000	1.001358e-08	0.19312729	-0.008391819	-0.006630853	0.8787367	0.010114758	0.08125	79.0	251.7356722354889
46	12.7223625	0.42644256	13.520998	11.689975	0.0	118.51515	13.149533	0.48071072	14.128727	11.634879	188000	2.3841857e-09	0.18726873	-0.011818144	-0.014462307	0.8627045	0.0114378445	0.10675	79.0	256.1780285835266
47	12.814571	0.45769718	13.794994	11.873059	0.0	117.29412	13.276488	0.46735662	14.19526	11.823279	192000	3.5762787e-10	0.21136107	-0.011615756	-0.02591592	0.8621987	0.006736058	0.09575	79.0	260.74120712280273
48	12.596745	0.519939	13.513451	11.616997	0.0	110.69444	13.290697	0.40013552	14.11674	11.976911	196000	-1.3113022e-09	0.28866428	-0.012565102	-0.049366057	0.83970845	0.008593475	0.0705	79.0	265.4874038696289
49	12.747378	0.35525534	13.593682	11.9932995	0.0	116.44118	13.134684	0.40466112	13.998854	11.917657	200000	2.1457671e-09	0.14836583	-0.010519429	-0.024447672	0.85073596	0.010147404	0.07275	79.0	270.0499618053436
