Epoch	AverageEpRet	StdEpRet	MaxEpRet	MinEpRet	%Crash	EpLen	AverageVVals	StdVVals	MaxVVals	MinVVals	TotalEnvInteracts	LossPi	LossV	DeltaLossPi	DeltaLossV	Entropy	KL	ClipFrac	StopIter	Time
0	-28.290236	13.473398	-15.670865	-59.500668	91.66666666666666	176.09091	0.79601955	0.9696183	5.9466853	0.08956087	2000	-4.529953e-09	1351.4916	-0.025284493	-1097.9835	1.185211	0.013042603	0.1315	79.0	3.221938133239746
1	-26.216038	10.602451	-11.572798	-46.999912	95.45454545454545	138.0	-21.61763	14.885189	-9.940134	-72.97417	4000	-9.775162e-09	320.63892	-0.021489974	-186.91373	1.3019159	0.011799432	0.1435	79.0	5.673020124435425
2	-24.460583	7.518372	-11.740733	-44.336548	100.0	181.72728	-21.029596	8.147706	-7.071686	-44.21998	6000	-1.3113022e-08	165.61554	-0.024362674	-54.34185	1.3114054	0.0066293683	0.191	79.0	7.8883867263793945
3	-18.523523	5.8491096	-8.24966	-26.65013	100.0	128.33333	-14.643156	3.111081	-8.435555	-26.1923	8000	-2.2649765e-08	36.17425	-0.023886343	-5.1117954	1.3255478	0.009207445	0.2235	79.0	10.423043727874756
4	-20.614359	7.6677513	-10.610414	-32.97552	91.66666666666666	142.42857	-17.980793	5.937001	-6.546092	-37.42133	10000	-2.3722649e-08	59.28058	-0.02945975	-13.334736	1.309084	0.012824416	0.258	79.0	13.23692774772644
5	-19.596375	6.5816717	-6.235338	-28.435171	96.42857142857143	121.9375	-16.944077	2.7643762	-10.447258	-26.236101	12000	2.8014182e-09	44.835518	-0.015307583	-14.009855	1.29743	0.015365555	0.1905	23.0	15.710702180862427
6	-17.67363	7.7522945	-7.3712034	-34.31159	100.0	101.26316	-16.46292	2.8687139	-6.3393683	-21.069422	14000	2.1517277e-08	56.00828	-0.016931672	-4.538719	1.2957418	0.015883215	0.2385	26.0	18.503293752670288
7	-19.583069	6.942132	-5.9485917	-36.9339	95.45454545454545	92.85714	-16.19323	2.3651226	-7.8877974	-22.894167	16000	-4.7683715e-09	49.186337	-0.011952304	-8.118679	1.2558972	0.015078573	0.137	18.0	21.486702919006348
8	-17.56634	7.2960134	3.7916584	-27.104015	100.0	88.045456	-17.95682	2.681503	-10.674805	-24.862087	18000	1.9073487e-09	54.356926	-0.016534599	-8.9834175	1.2303177	0.00712335	0.1115	79.0	24.600409746170044
9	-17.9559	7.5786734	1.3182703	-27.612427	90.32258064516128	79.24	-17.5031	3.0334766	-7.63143	-25.254108	20000	8.34465e-09	54.027126	-0.016545163	-4.40802	1.2027096	0.015131434	0.188	57.0	28.05979585647583
10	-9.742564	9.859939	9.589967	-26.207386	91.66666666666666	85.13043	-15.194115	3.0610864	-7.5576906	-23.225954	22000	-1.4424324e-08	111.91222	-0.0070883813	-43.884514	1.147805	0.015406735	0.135	13.0	31.13700294494629
11	-9.134901	9.00637	9.203446	-25.421549	96.96969696969697	71.42857	-9.685655	3.6058521	-3.6305552	-24.925814	24000	-6.7949295e-09	58.82457	-0.010395846	-8.567509	1.0720673	0.01587844	0.195	7.0	34.556931495666504
12	-4.5083747	8.730331	8.52528	-27.43192	97.05882352941177	64.7	-6.8699856	3.953626	-2.0375586	-22.580706	26000	-3.0636787e-08	72.49696	-0.020759232	-18.648891	0.94621444	0.012910628	0.0965	79.0	38.39856195449829
13	-1.8594261	6.382118	6.279713	-14.048739	84.375	66.433334	-3.8208227	2.4953675	-0.8203604	-15.469969	28000	-9.953975e-09	37.79418	-0.015186355	-11.882565	0.9211105	0.0091883335	0.0925	79.0	42.530518770217896
14	-1.5529099	5.2833304	7.236128	-13.342414	81.81818181818183	62.46875	-1.6094621	2.1405926	2.6170976	-11.457323	30000	-7.152557e-09	20.099648	-0.019886294	-1.6961937	0.8827105	0.0072526233	0.106	79.0	67.2375841140747
15	1.2851031	4.7580733	6.9227858	-12.421299	48.38709677419355	61.84375	-0.51142037	2.1865158	3.272111	-8.094566	32000	2.682209e-08	18.585833	-0.018570645	-6.653857	0.8534158	0.0053274613	0.084	79.0	71.3478331565857
16	1.4141589	4.0993037	7.6937766	-10.004991	48.275862068965516	59.060608	2.1273339	2.0600529	6.010373	-5.9241858	34000	1.013279e-09	15.9757805	-0.008420194	-7.44893	0.81706333	0.016519308	0.151	9.0	75.45397186279297
17	2.209921	3.3704417	8.889046	-8.500735	38.70967741935484	62.612904	1.6843001	2.440797	5.3340387	-9.701127	36000	6.9141386e-09	8.923969	-0.013585281	-2.323616	0.9044038	0.006520237	0.069	79.0	79.50439882278442
18	2.1423802	3.607529	6.9082	-11.272672	53.125	62.46875	2.41886	2.0832562	6.5136747	-7.414923	38000	-1.1920929e-09	7.866077	-0.020517694	-1.0692172	0.8622312	0.012515554	0.1375	79.0	83.67018938064575
19	5.1591496	2.5686874	9.403241	-2.149669	32.25806451612903	61.375	3.4179833	1.5704511	6.585511	-2.0290692	40000	3.7670137e-08	9.455787	-0.019726051	-5.3639364	0.84328675	0.014763979	0.103	79.0	88.37971806526184
20	5.603657	3.0594587	10.771501	-4.9694276	4.166666666666666	64.48387	5.310055	1.5920391	8.134965	-2.327333	42000	2.503395e-09	8.437792	-0.01879484	-2.1059866	0.88125944	0.0076980516	0.12	79.0	92.47725081443787
21	6.010491	1.9740249	10.02102	1.8866006	7.4074074074074066	65.666664	6.1904902	1.4677864	8.913044	1.8692839	44000	-1.4781952e-08	4.6674004	-0.022131614	-0.6904838	0.91284263	0.014349026	0.1595	79.0	96.4736635684967
22	7.136874	1.9385446	10.25107	2.5673504	20.0	69.85714	6.206327	1.3849915	8.945544	-3.2010407	46000	-2.861023e-09	6.187308	-0.014281219	-3.2845066	0.9190312	0.009704289	0.0855	79.0	100.25138139724731
23	7.105022	1.618935	9.885493	2.9324462	4.0	64.833336	7.9755607	1.3167421	11.10362	4.334203	48000	-1.0609627e-08	4.0367703	-0.01244608	-1.157834	0.87538975	0.010169386	0.0905	79.0	104.39975762367249
24	6.9424734	1.997432	11.2837305	-0.08335092	0.0	63.967743	7.251124	0.8290169	9.125897	4.279327	50000	1.45435335e-08	3.4296517	-0.015149943	-0.5670519	0.82901984	0.011955767	0.097	79.0	108.43901872634888
25	7.699637	2.0224192	12.352661	4.6494994	5.0	65.8	7.3066015	0.8742903	9.455928	3.9161463	52000	1.9073487e-09	4.6347494	-0.0056439852	-1.3473408	0.84904665	0.015787615	0.21	10.0	112.23265480995178
26	8.861417	1.5779973	11.409459	4.8567033	4.166666666666666	75.391304	8.061525	1.1665318	10.429723	4.5350018	54000	1.8119811e-08	4.0162554	-0.019013328	-1.4024849	0.9551959	0.0015345897	0.1115	79.0	115.58923482894897
27	9.319664	1.5671045	12.1449795	4.935068	7.4074074074074066	75.46154	9.1166	0.8441658	11.526564	2.0386858	56000	-7.808208e-09	2.8119128	-0.01234079	-0.4721279	0.9179852	0.00954005	0.059	79.0	119.12979531288147
28	8.625409	1.8633647	11.274388	5.0108733	0.0	103.47369	9.713019	1.2867684	14.2097435	5.46653	58000	-9.3579295e-09	4.4287577	-0.02205622	-1.5770056	0.972142	0.0099164415	0.1065	79.0	122.08190155029297
29	9.991309	1.887279	13.33454	4.674564	0.0	82.208336	8.98271	0.858286	11.062073	6.2362337	60000	7.033348e-09	5.8817334	-0.017310252	-3.1385934	0.90908265	0.009075973	0.116	79.0	125.4551796913147
30	9.897142	1.1962484	11.821005	7.795651	0.0	75.69231	10.225231	1.2279137	12.821111	6.357201	62000	-1.5497208e-09	1.5023091	-0.008608715	-0.48780406	0.88360894	0.015262619	0.116	6.0	128.9083776473999
31	10.857523	1.0715128	12.969969	9.051668	0.0	99.42105	10.83109	1.0084431	13.636803	7.765162	64000	2.026558e-09	1.611095	-0.018858213	-0.72029763	0.9908686	0.0122371465	0.1575	79.0	131.85546898841858
32	10.932604	1.3614129	12.471229	7.3352575	0.0	118.13333	11.327589	0.57110137	12.598922	9.072041	66000	-8.8214875e-09	2.358269	-0.019290885	-0.53072333	1.0313244	0.009457195	0.12	79.0	134.4652111530304
33	10.609483	2.3113859	12.478417	4.3055987	0.0	190.7	10.711279	0.66361773	12.947728	8.230557	68000	-6.198883e-09	6.142471	-0.0057151522	-1.397965	1.0683889	0.015987659	0.2075	5.0	136.45842218399048
34	10.710647	1.3452538	12.538067	6.187466	0.0	84.608696	11.291498	0.8162875	13.0364485	8.745192	70000	-5.4836273e-09	2.5583081	-0.003436456	-1.2906591	0.8786759	0.015114241	0.192	5.0	140.0838325023651
35	10.043792	1.2118651	12.378301	7.850136	0.0	79.0	11.149582	0.82968944	13.010934	7.574941	72000	-1.6331672e-08	2.5114965	-0.01851527	-1.4285905	0.8758035	0.0078679845	0.1365	79.0	143.5415542125702
36	11.075983	1.1777952	12.38653	7.502273	4.3478260869565215	88.818184	10.467757	0.594885	11.711041	8.5818	74000	2.3126603e-08	2.3171313	-0.016636517	-1.1371955	0.9138233	0.0029556036	0.095	79.0	146.78727293014526
37	11.18757	0.67929345	12.41202	9.552903	0.0	88.36364	11.4575	0.50629985	12.686556	9.481799	76000	-1.001358e-08	0.6227509	-0.015110079	-0.0931012	0.9168665	0.005146454	0.064	79.0	150.0716278553009
38	10.988965	1.0293629	12.246504	7.8679543	0.0	82.75	11.468636	0.47174537	12.481534	9.707279	78000	-7.152557e-09	0.8923771	-0.00714524	-0.06928027	0.8598248	0.015594054	0.201	8.0	153.12756276130676
39	11.686322	0.7104353	13.06289	9.947762	0.0	94.52381	11.6635895	0.48855123	12.614965	10.161465	80000	1.6689301e-09	0.7265073	-0.015632223	-0.37486222	0.9414322	0.008278585	0.096	79.0	156.15048384666443
40	11.878743	0.6492468	12.893086	10.100164	0.0	98.35	12.084156	0.5670069	13.195768	9.9337015	82000	1.3828277e-08	0.5984748	-0.0149910245	-0.18146944	0.9467767	0.0062124957	0.085	79.0	159.11595344543457
41	12.021677	0.88060504	13.112623	9.837076	5.555555555555555	113.29412	12.419068	0.40344042	13.095817	10.623568	84000	1.513958e-08	0.9002633	-0.01661768	-0.046449006	0.9761919	0.0050402596	0.1075	79.0	162.8271450996399
42	11.927109	0.50082356	13.025383	11.094439	5.88235294117647	116.4375	12.4931	0.4382508	13.214634	10.585112	86000	1.0967255e-08	0.26667514	-0.01771149	-0.049919024	0.9442377	0.010004385	0.131	79.0	165.3877294063568
43	12.044575	0.6075583	13.193396	10.842341	0.0	109.611115	12.310116	0.39021537	13.038552	11.169112	88000	-1.5735626e-08	0.4649611	-0.0029639702	-0.12465447	0.9165468	0.017295215	0.1245	5.0	167.9409327507019
44	12.275097	0.5565355	13.1666565	11.332268	0.0	100.63158	12.47586	0.4184758	13.189766	10.792191	90000	4.315376e-08	0.34701318	-0.020931184	-0.0955919	0.9065452	0.009548924	0.097	79.0	170.73028445243835
45	12.06082	0.64803755	13.335608	10.954454	0.0	107.833336	12.769574	0.49194556	13.557547	9.8976965	92000	-1.5735626e-08	0.4265241	-0.016517848	-0.09504372	0.9173429	0.0074759168	0.1195	79.0	173.47654604911804
46	12.2190695	0.5467771	13.114075	11.211812	0.0	109.44444	12.608674	0.45724976	13.298896	11.432748	94000	-3.8146974e-09	0.37386265	-0.01717226	-0.11253318	0.93950075	0.008865868	0.1145	79.0	176.24962711334229
47	12.514057	0.41268238	13.115479	11.6555395	0.0	119.6875	12.6890745	0.31942835	13.227377	11.700507	96000	3.1113625e-08	0.34314737	-0.0046600387	-0.17364746	0.92532176	0.015146242	0.1405	7.0	178.6789231300354
48	12.220836	0.47182962	12.705816	10.990341	0.0	100.63158	12.947036	0.36069545	13.613632	11.496047	98000	5.6385993e-08	0.27617496	-0.008444923	-0.085063934	0.8846529	0.015955783	0.193	6.0	181.31871390342712
49	12.309154	0.6474574	13.408755	11.057187	0.0	112.411766	12.749054	0.35023302	13.403361	11.500529	100000	-4.053116e-09	0.43218893	-0.0132693155	-0.06687692	0.913406	0.012288859	0.0675	79.0	183.98268294334412
