Epoch	AverageEpRet	StdEpRet	MaxEpRet	MinEpRet	%Crash	EpLen	AverageVVals	StdVVals	MaxVVals	MinVVals	TotalEnvInteracts	LossPi	LossV	DeltaLossPi	DeltaLossV	Entropy	KL	ClipFrac	StopIter	Time
0	-26.195456	8.498668	-13.429949	-42.15971	100.0	151.58333	0.53115577	0.51916635	3.5663326	0.06591609	2000	-2.7179718e-08	669.2334	-0.016176326	-541.2677	1.2741646	0.015620367	0.119	18.0	36.536505937576294
1	-37.23335	23.506557	-8.730315	-69.61364	100.0	265.33334	-62.3366	57.440456	-11.91049	-290.97952	4000	0.0156174945	8604.086	0.0	-3129.6772	1.1249186	0.01960069	0.0125	0.0	113.4962797164917
2	-20.880245	6.5578036	-13.96271	-30.150196	100.0	192.125	-63.256664	62.97239	-4.859938	-352.31448	6000	-0.0010860027	14157.48	0.0	-6182.209	1.1336406	0.017860059	0.0155	0.0	187.15978717803955
3	-23.737246	9.00925	-13.003338	-40.52708	92.85714285714286	153.0	-28.895567	17.684456	-6.69681	-74.93577	8000	0.0053999205	388.02036	-0.01934704	-226.73424	1.3266355	0.005820276	0.0985	79.0	257.5652813911438
4	-37.39529	9.687694	-18.94221	-46.229885	100.0	230.5	-95.23035	130.88571	-12.989265	-571.5791	10000	-0.0048079244	51311.035	0.0	-27487.566	1.1884497	0.10154229	0.0415	0.0	332.4787714481354
5	-18.039223	13.827473	-3.831981	-47.7475	90.0	220.55556	-94.8603	103.1613	26.091467	-464.63876	12000	0.012495022	10652.274	0.0	-10315.732	1.2777933	0.056677006	0.0675	0.0	390.05831956863403
6	-23.928293	14.186544	-0.06066255	-53.66622	100.0	162.08333	-33.909267	18.608995	-14.706726	-97.04287	14000	0.0107682515	261.37497	-0.015580244	-121.90854	1.3447307	0.015048249	0.182	25.0	431.89020323753357
7	-25.098253	7.9223747	-14.275733	-38.754803	100.0	123.84615	-27.301289	14.38131	-14.926361	-92.313866	16000	0.0034181403	928.7283	0.0	-507.32935	1.2555116	0.026450235	0.0105	0.0	475.01604080200195
8	-22.714323	8.531221	-10.689524	-42.443317	100.0	166.77777	-44.742382	43.454216	-15.30301	-211.70435	18000	-0.008411193	5704.79	0.0	-2838.5579	1.2335775	0.09727393	0.0245	0.0	555.5190434455872
9	-28.205235	17.915108	-9.03513	-66.68172	100.0	215.22223	-73.562485	54.873516	-10.988936	-228.19347	20000	0.006859315	1868.9307	0.0	-1251.648	1.1796212	0.11827353	0.039	0.0	615.1233534812927
10	-23.199816	11.640441	-8.120636	-40.982777	100.0	170.54546	-31.240982	19.798517	-11.937738	-120.32693	22000	0.0020900315	271.2984	-0.012558276	-132.51952	1.3092316	0.015307731	0.157	19.0	659.8986079692841
11	-19.339098	12.843278	-1.7151924	-42.831444	100.0	153.84616	-28.41983	12.194394	-12.30292	-71.05063	24000	0.0053168694	279.60553	-0.015704663	-109.56148	1.3185192	0.016054343	0.1695	18.0	701.1813368797302
12	-19.585121	9.016131	-3.6359355	-30.730944	100.0	129.2	-26.40882	5.8529797	-18.555481	-55.12652	26000	-4.574001e-05	124.25947	-0.01587155	-60.091797	1.3364698	0.015007264	0.181	23.0	741.1460745334625
13	-21.36448	8.815507	-8.3881	-37.08753	100.0	115.4375	-19.137957	2.9076195	-13.266748	-32.80146	28000	0.006652146	65.97092	-0.025811605	-10.735462	1.3218328	0.015153118	0.179	52.0	780.4883763790131
14	-19.389942	7.006697	-9.20681	-36.049717	100.0	119.5625	-19.91125	2.2494109	-14.0042715	-32.958897	30000	-7.390976e-09	56.34355	-0.024135957	-12.767319	1.3183255	0.014602846	0.141	79.0	819.7858049869537
15	-15.769519	6.9431725	-6.8525214	-28.415842	100.0	112.35294	-17.474878	2.160926	-11.934014	-31.24364	32000	-1.859665e-08	56.99825	-0.018923584	-12.014187	1.2890185	0.0100387195	0.1475	79.0	859.7764887809753
16	-13.634138	8.731601	2.9562273	-27.620394	100.0	96.05	-15.237273	1.5161668	-11.399179	-31.028393	34000	0.027921867	45.774918	0.0	-3.1546211	1.2616867	0.044543616	0.0205	0.0	898.5726537704468
17	-15.405076	6.4930654	-6.139391	-27.250807	100.0	90.27273	-14.719789	1.2004032	-9.796481	-18.70478	36000	0.0040377444	41.17881	-0.0042603896	-1.8959503	1.2634629	0.015736634	0.063	10.0	936.7455813884735
18	-17.397049	6.6375957	-6.4676766	-34.73815	100.0	92.333336	-15.3896675	1.1133008	-10.867229	-21.291346	38000	7.867813e-09	45.734665	-0.018133163	-6.2281265	1.2830244	0.0151317185	0.1575	33.0	975.0053074359894
19	-14.032041	5.9138613	-5.1124344	-23.689728	100.0	90.90909	-16.170233	1.6743405	-11.4620905	-29.932138	40000	0.003944672	44.994152	-0.012106402	-4.77565	1.267576	0.015555833	0.0645	32.0	1015.9012846946716
20	-18.808321	7.5674953	-5.9952826	-31.598911	100.0	78.64	-14.461195	1.5270208	-8.544176	-19.926712	42000	-3.385544e-08	84.6079	-0.018379625	-33.02964	1.2372638	0.010800758	0.1015	79.0	1054.0245010852814
21	-16.560707	9.669256	-5.4860826	-36.6529	100.0	74.80769	-18.293968	1.5211575	-12.616647	-23.076265	44000	0.0014332369	82.08945	-0.021909185	-16.30967	1.2325704	0.009141324	0.1865	79.0	1092.1836276054382
22	-17.33244	9.565153	-5.7924247	-36.868813	100.0	80.0	-19.120945	3.24564	-6.9010463	-27.189445	46000	4.2915342e-09	64.84743	-0.021746278	-5.399864	1.2337921	0.013323494	0.1255	79.0	1130.6984877586365
23	-12.694702	5.135729	-3.8756564	-24.25811	100.0	80.833336	-15.607783	4.3626523	-0.7881562	-23.84374	48000	3.9696694e-08	53.108326	-0.019752236	-25.156578	1.2395374	0.010001465	0.212	79.0	1169.6472976207733
24	-18.506153	6.5790257	-4.2883387	-28.195826	100.0	85.521736	-12.5627985	1.9417417	-6.9955792	-20.868488	50000	-7.2717667e-09	83.8772	-0.016902125	-37.039978	1.2379556	0.010349953	0.1185	79.0	1210.1384472846985
25	-16.61731	6.3592157	-5.1343007	-28.28763	100.0	80.666664	-17.499752	1.656512	-14.623716	-23.441227	52000	1.1920929e-08	45.89899	-0.02000378	-6.823742	1.2364067	0.011262312	0.174	79.0	1248.3299434185028
26	-11.539404	4.8563757	-4.858014	-20.89922	100.0	79.44	-15.893696	1.1222969	-11.750674	-20.254995	54000	-4.529953e-09	46.84525	-0.010847549	-24.9572	1.2013906	0.015083775	0.151	15.0	1287.2979171276093
27	-11.898018	6.923313	-3.6494923	-29.370197	100.0	77.96	-10.99514	1.5325826	-5.243231	-15.380544	56000	-3.5762786e-09	53.885956	-0.01994312	-7.4109497	1.173804	0.009751593	0.1165	79.0	1325.5026998519897
28	-9.641917	5.597889	-2.7860546	-27.826687	100.0	80.041664	-11.646227	1.2945285	-6.4687057	-15.328306	58000	-1.7523766e-08	39.117508	-0.019517457	-5.8580475	1.1584597	0.015060261	0.16	50.0	1363.4957392215729
29	-11.113242	6.442995	-1.2607721	-28.849989	100.0	76.0	-9.326739	0.9926856	-6.6493073	-12.788912	60000	-4.2915342e-09	45.76789	-0.008728755	-5.57246	1.1033385	0.015455209	0.2625	8.0	1401.3206820487976
30	-8.564029	3.5156446	-2.9590406	-16.150387	100.0	80.75	-10.691423	1.1473777	-6.748596	-14.739343	62000	3.576279e-08	19.579166	-0.018965451	-8.253671	1.1328706	0.014045402	0.16	79.0	1439.308179616928
31	-8.585177	3.2919898	-3.0688243	-14.332629	100.0	77.28	-8.017503	0.93032944	-4.1014223	-13.409311	64000	-1.3113022e-08	9.970267	-0.013191331	-0.45283508	1.066494	0.015234335	0.1085	38.0	1476.9531066417694
32	-6.761459	2.9423523	-2.1839175	-12.703945	100.0	77.8	-7.837514	0.8106028	-5.502197	-14.562626	66000	6.6757204e-09	10.689051	-0.015536556	-3.1529956	1.037513	0.011610117	0.1025	79.0	1515.632197380066
33	-8.948989	3.7817156	-1.535436	-21.340557	100.0	72.14815	-6.308376	0.8776855	-3.6010306	-9.566217	68000	3.1113625e-08	17.731464	-0.01193104	-4.670556	1.0118692	0.01551236	0.082	33.0	1553.2172865867615
34	-8.849522	4.2526174	-2.6495016	-18.726782	100.0	71.14815	-8.43041	0.91751987	-5.114237	-11.086464	70000	-1.3351441e-08	20.756266	-0.014705799	-3.7886658	1.0188072	0.008874522	0.1165	79.0	1592.0491280555725
35	-7.3816433	2.9641292	-2.5004666	-13.779792	100.0	72.333336	-8.42092	0.79085994	-6.515068	-11.514277	72000	-6.222725e-08	11.368461	-0.008177853	-2.3602762	1.0042646	0.015572821	0.1695	13.0	1631.1264238357544
36	-6.5760922	3.5220244	-2.8210893	-16.977411	100.0	69.35714	-7.0142345	0.55758387	-5.722734	-10.10954	74000	-3.0994416e-09	12.275399	-0.01879418	-1.8265877	0.9545658	0.015212389	0.155	40.0	1670.8965582847595
37	-6.2395883	3.2864904	-2.840725	-15.325867	100.0	72.18519	-6.5203624	0.9869353	-4.3681064	-9.631648	76000	9.775162e-09	11.411684	-0.013330459	-0.90493774	0.931638	0.005157665	0.052	79.0	1709.1868832111359
38	-6.092074	3.3179443	-2.4103284	-14.64649	100.0	73.74074	-5.7610207	0.57731515	-4.0548134	-8.170989	78000	-6.6757204e-09	10.68165	-0.017711187	-0.24853039	0.9479072	0.015110389	0.125	54.0	1747.3637504577637
39	-5.3677173	2.9537375	-1.6068811	-12.121874	100.0	73.03704	-5.738053	0.49913338	-4.421033	-8.0835905	80000	1.9103288e-08	9.076375	-0.01890639	-2.8708334	0.97285527	0.0150847435	0.1035	17.0	1785.183560371399
40	-5.1264763	2.329946	-1.2920431	-10.929351	100.0	70.96429	-4.757382	0.69453573	-2.7119088	-6.9583917	82000	-6.6757204e-09	5.2159896	-0.015466029	-0.19992208	0.89030397	0.012240903	0.0975	79.0	1822.9290425777435
41	-3.8508759	1.6464592	-1.4832271	-7.7272635	100.0	73.666664	-4.585045	0.6341235	-1.8415061	-7.421179	84000	2.861023e-09	4.291625	-0.01646536	-1.3885767	0.8780028	0.015016397	0.0955	66.0	1861.086744070053
42	-4.483553	1.6700478	-1.7706889	-8.655195	100.0	72.888885	-3.5729897	0.59588075	-0.773414	-6.6312804	86000	-6.198883e-09	3.1111474	-0.012226319	-0.29077053	0.86501116	0.0034009295	0.07	79.0	1899.3381433486938
43	-3.7713327	1.8629857	-1.5776219	-9.567724	100.0	74.42308	-3.930751	0.4251013	-2.4710085	-7.039129	88000	-7.2717667e-09	3.7108777	-0.015321543	-0.29895473	0.8598424	0.009530002	0.1295	79.0	1937.509438276291
44	-3.972249	1.9267794	-1.1589601	-8.454812	100.0	72.888885	-3.475072	0.46647102	-1.1658858	-6.3511214	90000	7.033348e-09	3.9968164	-0.013089601	-0.19405103	0.85698813	0.007991851	0.066	79.0	1978.616824388504
45	-3.424217	1.0520985	-1.485004	-5.5923195	100.0	71.888885	-3.6719472	0.46499166	-1.7548513	-6.100649	92000	3.1232833e-08	1.639547	-0.013106526	-0.38805103	0.83523655	0.009547309	0.092	79.0	2019.6433537006378
46	-3.8537812	2.3873742	-0.91888046	-10.674502	100.0	68.37931	-3.086987	0.3597639	-1.7075244	-5.4275723	94000	-6.198883e-09	6.033251	-0.022146214	-0.4382167	0.80561864	0.015790574	0.155	60.0	2060.078642129898
47	-4.0091877	2.3266163	-1.6361823	-11.695599	100.0	71.296295	-3.5751402	0.44998157	-2.6481407	-5.6588798	96000	-1.3351441e-08	5.3838778	-0.011814545	-0.5646939	0.8319947	0.009374245	0.0915	79.0	2101.625806093216
48	-3.9375153	1.5430269	-1.7072009	-7.179155	100.0	72.44444	-3.795915	0.66547686	-2.6615658	-6.283085	98000	5.3644182e-09	1.8817395	-0.016274415	-0.13358092	0.79107165	0.009932371	0.085	79.0	2141.397877931595
49	-4.0367613	2.6989045	-1.6758527	-14.605673	100.0	70.28571	-3.5417528	0.563976	-2.2317054	-5.8543124	100000	2.861023e-09	6.5954156	-0.014455119	-0.48823643	0.74301475	0.0036888546	0.071	79.0	2181.998943567276
