Epoch	AverageEpRet	StdEpRet	MaxEpRet	MinEpRet	%Crash	vel_crashes	ang_vel_crashes	angle_crashes	fuel_crashes	EpLen	AverageVVals	StdVVals	MaxVVals	MinVVals	TotalEnvInteracts	LossPi	LossV	DeltaLossPi	DeltaLossV	Entropy	KL	ClipFrac	StopIter	Time
0	-34.17772	6.3074274	-22.149061	-41.55329	95.0	13	4	12	1	149.6923	0.05646449	0.16942221	0.38240528	-0.35947526	2000	-1.4305115e-09	1103.9209	-0.023190543	-234.39966	1.3249654	0.015118475	0.107	49.0	8.890570163726807
1	-39.15651	12.824398	-21.488575	-62.883873	95.0	11	7	10	3	166.8	-4.6149297	3.0844328	-1.1516842	-12.661538	4000	-6.2942505e-08	1197.5557	-0.016229985	-486.54028	1.3285401	0.009500579	0.129	79.0	13.411904096603394
2	-36.03908	7.079497	-26.416706	-48.59802	89.44444444444444	9	4	6	4	197.88889	-14.90086	11.326107	-4.6555696	-47.9786	6000	-1.835823e-08	496.97183	-0.023629518	-185.01468	1.305031	0.012184397	0.076	79.0	17.217835187911987
3	-34.414646	8.443225	-22.198977	-50.49742	95.0	11	7	7	2	185.6	-22.09473	13.949653	-8.783691	-66.59235	8000	-4.720688e-08	280.58228	-0.0217586	-62.63289	1.3119926	0.0065940046	0.1055	79.0	21.87993812561035
4	-33.222565	8.263026	-20.602673	-47.204437	90.23809523809523	12	3	11	2	151.83333	-20.480032	7.6002855	-8.441294	-43.841366	10000	4.6163798e-08	252.37524	-0.014721884	-79.29564	1.3140383	0.015205526	0.1955	19.0	25.92367386817932
5	-38.077393	11.787017	-24.19743	-64.181786	90.0	13	11	9	2	159.33333	-22.89167	7.728342	-11.27799	-52.50467	12000	-5.9485437e-08	359.94907	-0.027784582	-128.87466	1.2970822	0.013780605	0.2255	79.0	30.845921516418457
6	-33.09948	5.3368897	-19.944601	-41.047424	75.95238095238095	15	4	15	0	125.86667	-28.497253	7.058341	-15.489287	-53.95321	14000	-9.775162e-09	119.26373	-0.019249888	-34.977448	1.2928832	0.015195901	0.2495	29.0	35.26294779777527
7	-26.719837	10.723585	-7.2151465	-42.143135	89.44444444444444	17	4	13	1	115.29412	-26.632679	3.5529501	-14.308816	-39.413914	16000	9.536743e-09	119.84229	-0.014779392	-14.602928	1.2409328	0.013390471	0.1175	79.0	40.27795219421387
8	-29.794165	9.2003145	-10.818281	-42.149914	83.88888888888889	16	5	19	0	104.42105	-22.370592	3.7344093	-12.124332	-30.524765	18000	-1.6093255e-08	131.57306	-0.009849911	-42.085693	1.2238628	0.010908538	0.089	79.0	46.651753425598145
9	-27.579693	10.570456	-8.169296	-42.474823	61.66666666666666	20	4	18	0	94.7	-28.067696	3.2305303	-17.411613	-38.606133	20000	-1.1742115e-08	103.888115	-0.017075703	-14.455254	1.2123578	0.011317169	0.1225	79.0	54.44382882118225
10	-24.030207	9.551462	-8.435833	-43.14449	79.21052631578947	14	3	17	0	99.1579	-26.385649	3.8591123	-13.692887	-36.58451	22000	1.5854836e-08	100.579124	-0.018313037	-10.372864	1.2052011	0.010374351	0.086	79.0	60.844916105270386
11	-20.840014	8.989087	-9.335655	-36.964905	75.95238095238095	15	2	13	0	99.2	-24.05111	4.5752964	-11.056402	-38.92433	24000	1.4662743e-08	102.3663	-0.018952278	-29.004684	1.2173703	0.013594197	0.1335	79.0	67.5042154788971
12	-20.730074	9.780851	-6.7602005	-34.96175	68.33333333333333	12	2	13	1	115.411766	-18.720566	3.840528	-7.0883904	-23.761932	26000	-1.31726265e-08	124.33816	-0.014107931	-6.235924	1.2115284	0.015359892	0.127	29.0	72.9153163433075
13	-15.041599	5.7993035	-4.863135	-29.401693	70.0	7	0	11	0	117.588234	-18.994389	4.4574704	-7.5480433	-24.897028	28000	4.0411948e-08	75.34142	-0.018603316	-33.06025	1.20733	0.00560489	0.118	79.0	78.40922355651855
14	-13.941362	5.2620053	-7.211917	-28.300554	50.55555555555556	10	1	12	0	109.0	-14.381679	3.4405134	-5.0455647	-19.233927	30000	-8.8214875e-09	35.121696	-0.015650574	-3.7315807	1.205106	0.004858383	0.0665	79.0	83.83035826683044
15	-13.859106	6.932071	-7.453617	-33.577892	45.0	4	0	7	2	139.0	-11.996163	3.4044287	-5.3850393	-17.32868	32000	5.841255e-09	39.311592	-0.01689103	-1.6493111	1.2372981	0.0155322105	0.1335	31.0	88.39293813705444
16	-8.633999	3.2868748	-5.113807	-15.454473	50.55555555555556	2	0	3	4	174.36363	-11.521498	3.2884755	-4.5433245	-17.180592	34000	4.6372413e-08	28.064734	-0.019648897	-16.116238	1.2400491	0.0106666135	0.1205	79.0	92.82622218132019
17	-9.468502	4.2350135	-3.8549476	-20.058538	31.363636363636367	5	0	6	2	116.82353	-9.079262	2.5386105	-3.7909813	-13.581023	36000	4.172325e-08	15.247117	-0.021817094	-1.5924082	1.1879002	0.01236381	0.143	79.0	98.16646122932434
18	-9.471831	4.604188	-3.7429454	-17.783298	35.0	4	0	5	1	128.86667	-7.810413	2.4168847	-3.434168	-12.261159	38000	1.180172e-08	24.162485	-0.016449032	-2.4991798	1.1758907	0.012089811	0.178	79.0	102.77038741111755
19	-7.1384993	3.4995677	-3.0202017	-14.319739	28.33333333333333	1	0	2	3	159.6	-7.094719	2.425878	-3.6247382	-12.194224	40000	8.46386e-09	11.67	-0.017242743	-1.7097759	1.2249763	0.012312166	0.1215	79.0	107.38564920425415
20	-8.583004	3.0828197	-4.495861	-18.730867	15.0	6	0	4	2	113.64706	-7.499551	2.0284364	-3.578943	-11.334751	42000	1.5974045e-08	7.254389	-0.022193847	-0.7451687	1.1389127	0.015045126	0.094	74.0	113.97708773612976
21	-7.5326276	3.574271	-3.2763877	-13.142253	10.384615384615385	4	0	4	2	137.85715	-6.503883	2.060011	-3.5520718	-10.874251	44000	-1.0728836e-09	10.835198	-0.017414002	-0.9861908	1.1535466	0.0071984697	0.0835	79.0	118.61038494110107
22	-5.2907586	2.0757067	-2.7577765	-10.1432495	0	0	0	0	3	240.875	-5.6464767	1.569864	-3.7146864	-10.405685	46000	3.1352045e-08	6.082939	-0.021522587	-1.5694275	1.2046015	0.00764867	0.3075	79.0	123.0490231513977
23	-5.8345017	2.5776966	-2.7325823	-11.035047	0	1	0	3	0	102.26316	-5.7030287	1.317023	-3.3400223	-9.109636	48000	3.2901763e-08	6.2659197	-0.0060857027	-0.9260273	1.0883949	0.015770487	0.1055	11.0	129.2475140094757
24	-6.0093617	1.6326034	-3.6858485	-8.441445	0	0	0	0	4	180.1	-4.508987	1.0416299	-3.0245938	-8.025171	50000	-2.384186e-10	3.4036078	-0.009434447	-0.48092055	1.163256	0.015051359	0.1485	11.0	134.96574568748474
25	-4.8340077	1.2288371	-3.1029098	-7.285237	10.384615384615385	0	0	0	2	162.66667	-4.88157	1.0972741	-3.3823514	-8.342667	52000	-4.2915346e-08	2.3999543	-0.015655922	-1.0781218	1.1458205	0.0076046227	0.1055	79.0	140.51729941368103
26	-5.1118956	1.1674602	-3.0405276	-7.879063	0	0	0	0	0	119.4375	-4.327311	0.8698534	-2.9083529	-7.3143716	54000	5.00679e-09	1.5131191	-0.012876626	-0.1360991	1.1119331	0.011315794	0.1215	79.0	145.96224784851074
27	-4.5866504	1.3540905	-3.0017948	-7.3774304	0	0	0	0	0	134.92857	-4.0755696	0.8230012	-2.9624457	-7.075472	56000	-7.1525574e-10	1.7883089	-0.016857969	-0.17079067	1.1259576	0.009835953	0.1555	79.0	151.35581231117249
28	-5.230388	1.2835734	-2.704553	-7.1646194	0	0	0	0	0	126.6	-3.9324617	0.76552504	-2.8558695	-6.730249	58000	2.6226044e-09	1.8555937	-0.014872725	-0.2824204	1.1176947	0.00992253	0.131	79.0	158.0933074951172
29	-4.548195	0.9377196	-3.2449636	-6.6944594	0	0	0	0	0	154.75	-4.074189	0.7445753	-3.175256	-6.836956	60000	-1.525879e-08	1.195908	-0.013949572	-0.18970239	1.1382812	0.0065426906	0.184	79.0	163.16313648223877
30	-5.123582	1.7351526	-3.3703854	-8.568052	9.285714285714285	0	0	2	1	147.46153	-3.992246	0.6821877	-2.990235	-6.4760337	62000	1.001358e-08	2.8358421	-0.007682434	-0.24538875	1.1185813	0.01760568	0.157	9.0	171.2952425479889
31	-4.330215	1.1285006	-2.0448983	-7.294757	0	0	0	0	0	152.76923	-4.12135	0.7035344	-3.1514497	-6.6684113	64000	-9.775162e-09	1.2591857	-0.0037545378	-0.37597138	1.1271687	0.015898928	0.173	11.0	177.04984068870544
32	-4.2687597	0.6700488	-3.098269	-5.134368	0	0	0	0	4	197.0	-3.3924165	0.45943674	-2.7787387	-5.4921875	66000	5.722046e-09	0.77420795	-0.012223034	-0.059356034	1.1464778	0.012932535	0.1135	79.0	182.97289323806763
33	-4.1535773	0.847945	-2.592357	-5.499876	4.090909090909092	0	0	0	1	180.9	-3.3797588	0.5679209	-2.7356825	-5.91742	68000	-2.384186e-10	0.7935298	-0.0142164705	-0.036178827	1.1263137	0.011634031	0.1205	79.0	187.97519540786743
34	-4.2069693	0.8769075	-3.0771694	-5.6620016	4.090909090909092	0	0	0	1	181.0	-3.2674594	0.5539718	-2.6891294	-5.7802453	70000	6.198883e-09	0.9558464	-0.0052223024	-0.0321334	1.1005278	0.015066444	0.1485	10.0	191.655770778656
35	-3.7705257	1.1017987	-2.3210301	-6.074822	0	0	0	0	0	153.07692	-3.506324	0.57876796	-2.78896	-5.906977	72000	2.2888184e-08	1.558611	-0.01340098	-0.2613001	1.0815916	0.010029011	0.0925	79.0	197.03097319602966
36	-3.2641633	0.5322561	-2.628703	-4.424286	0	0	0	0	0	158.5	-2.9740088	0.47807884	-2.4805498	-5.2551646	74000	7.7486035e-09	0.6606989	-0.01418668	-0.21820983	1.0984397	0.003929449	0.1155	79.0	204.53194618225098
37	-3.2534628	0.4217206	-2.6485894	-3.9990635	0	0	0	0	0	153.84616	-2.5846772	0.39455074	-2.1799011	-4.6545873	76000	1.9073487e-09	0.8916303	-0.004067731	-0.024188817	1.0912246	0.015381798	0.185	12.0	211.71148419380188
38	-3.6350358	0.57579565	-2.3934577	-4.3649907	0	0	0	0	0	169.36363	-2.68193	0.41626522	-2.2335336	-4.7169166	78000	-4.4107438e-09	0.43786067	-0.01042037	-0.045388877	1.0755332	0.013541578	0.08	79.0	216.66569757461548
39	-3.2206948	0.84412885	-2.1991143	-4.920274	0	0	0	0	0	161.83333	-2.80905	0.42760107	-2.32918	-4.7785044	80000	-1.168251e-08	0.876956	-0.013044069	-0.1272124	1.0705721	0.0106543	0.1205	79.0	221.360515832901
40	-3.1778388	0.428024	-2.4590735	-4.086306	0	0	0	0	0	167.45454	-2.5098026	0.4055134	-2.0922132	-4.5491705	82000	1.5497208e-09	0.31699187	-0.011160249	-0.02281627	1.0666996	0.0093950005	0.069	79.0	226.0418417453766
41	-3.1673062	0.66247964	-2.3303707	-4.6759753	0	0	0	0	0	162.66667	-2.4920835	0.45584363	-2.0096412	-4.495276	84000	6.9141386e-09	0.536947	-0.013176273	-0.027314603	1.0318662	0.015069905	0.1445	54.0	230.95446372032166
42	-3.6496134	0.5007532	-2.791785	-4.5774264	0	0	0	0	0	172.36363	-2.3463562	0.4078089	-1.9384745	-4.286391	86000	1.7702579e-08	0.5066191	-0.011767009	-0.18248451	1.0279349	0.0053954283	0.0875	79.0	235.26839232444763
43	-3.6191583	0.56431425	-2.403589	-4.286408	0	0	0	0	0	173.45454	-2.81087	0.57459843	-2.1445923	-4.885971	88000	2.6226044e-09	0.43825006	-0.012224031	-0.015064895	1.0016277	0.008473878	0.077	79.0	239.83837580680847
44	-3.1748495	0.68528616	-2.2969184	-4.8203607	0	0	0	0	0	178.27272	-2.658996	0.5112559	-2.106053	-4.6146216	90000	-4.4107438e-09	0.69099283	-0.014499963	-0.12404865	0.9777385	0.0067220624	0.086	79.0	244.92645025253296
45	-3.1875312	0.38926575	-2.4034016	-3.6558585	4.090909090909092	0	0	0	1	187.1	-2.331982	0.42584124	-1.8888164	-4.2014184	92000	1.3113022e-08	0.23994006	-0.011987888	-0.017678708	0.9652924	0.0062089437	0.101	79.0	249.5873987674713
46	-2.8762686	0.38232657	-2.241671	-3.6356313	3.333333333333332	0	0	0	1	181.27272	-2.2732387	0.43493932	-1.8332063	-4.154254	94000	2.9802323e-09	0.29729414	-0.011123875	-0.079393074	0.9756278	0.01079321	0.0955	79.0	256.29153180122375
47	-3.1647422	0.32311216	-2.5778978	-3.925257	0	0	0	0	0	175.63637	-2.0669212	0.42399755	-1.6386012	-3.6275494	96000	2.270937e-08	0.1713906	-0.010306724	-0.051304176	0.95607436	0.009118348	0.0675	79.0	262.95573258399963
48	-3.000725	0.36293045	-2.1321204	-3.6595025	0	0	0	0	0	174.63637	-2.2626288	0.48130342	-1.7365143	-4.0905795	98000	1.2755394e-08	0.20810984	-0.010495069	-0.019034758	0.9599413	0.0042943642	0.0415	79.0	268.3714861869812
49	-3.2549806	0.47446942	-2.499715	-3.9372125	0	0	0	0	2	185.5	-2.130894	0.45163938	-1.6559286	-3.8538606	100000	6.6757204e-09	0.34109363	-0.012839458	-0.05704561	0.9496296	0.007928105	0.0735	79.0	274.0487651824951
