Epoch	AverageEpRet	StdEpRet	MaxEpRet	MinEpRet	%Crash	vel_crashes	ang_vel_crashes	angle_crashes	fuel_crashes	EpLen	AverageVVals	StdVVals	MaxVVals	MinVVals	TotalEnvInteracts	LossPi	LossV	DeltaLossPi	DeltaLossV	Entropy	KL	ClipFrac	StopIter	Time
0	-34.30206	8.384517	-22.263481	-52.88094	100.0	16	5	13	1	125.13333	0.09469964	0.168507	0.7073779	-0.43782723	2000	-2.5510788e-08	1252.0317	-0.020379612	-252.25598	1.3230932	0.011526402	0.114	79.0	2.8425228595733643
1	-38.210197	9.040081	-25.801363	-55.369503	100.0	15	10	15	1	140.5	-3.0462942	2.2469552	-0.98840696	-10.637131	4000	3.409386e-08	1251.553	-0.018752754	-385.07495	1.3290606	0.015618947	0.091	19.0	5.352765798568726
2	-31.059294	6.9961386	-15.317816	-45.876812	100.0	17	9	13	1	117.23529	-11.2909975	6.199814	-4.6166553	-27.840792	6000	-1.001358e-08	457.13483	-0.0214488	-171.88022	1.3094363	0.00985258	0.092	79.0	8.7302565574646
3	-32.07823	10.5926285	-10.480033	-56.80884	100.0	15	6	12	1	133.33333	-16.857492	7.3106413	-8.404084	-37.67635	8000	1.9311905e-08	732.81256	-0.020483145	-218.3601	1.2886893	0.011209769	0.1135	79.0	12.177929878234863
4	-27.769405	8.343078	-9.088033	-38.976624	94.11764705882352	16	4	14	0	119.25	-23.368109	7.9914393	-11.477508	-51.747124	10000	-1.37090685e-08	113.76748	-0.016393458	-22.67482	1.2946478	0.012881601	0.1905	79.0	16.142176628112793
5	-34.867577	13.621837	-7.728027	-55.10359	100.0	14	3	12	1	142.5	-26.074993	9.814264	-14.777265	-76.03859	12000	7.629395e-09	296.47968	-0.015906487	-109.51932	1.2436689	0.0151052065	0.1435	24.0	19.533141613006592
6	-36.373146	7.61482	-25.712732	-52.1435	100.0	14	7	15	1	136.64285	-33.986233	11.819317	-14.991717	-80.4181	14000	6.0796737e-09	166.97269	-0.019249707	-41.693733	1.2509887	0.010752544	0.177	79.0	23.20928931236267
7	-29.87838	11.890176	-9.190168	-47.102615	94.73684210526315	17	4	15	0	107.5	-24.210453	5.0436244	-10.190985	-41.896572	16000	1.192093e-10	174.44296	-0.0077472795	-41.125687	1.2550586	0.015485254	0.0925	9.0	27.11131238937378
8	-29.052612	11.253069	-6.2202063	-43.208553	94.73684210526315	15	9	16	1	110.0	-29.9647	7.0460973	-11.436863	-50.57457	18000	8.8214875e-09	98.49572	-0.013909163	-6.6511383	1.2551022	0.006230845	0.1595	79.0	31.822721004486084
9	-30.053608	9.548708	-7.373599	-45.28564	95.83333333333334	19	6	22	0	85.26087	-26.243425	3.8521454	-13.110275	-36.622696	20000	9.059906e-09	93.48502	-0.019745264	-15.057426	1.1973684	0.0130997645	0.218	79.0	37.70777750015259
10	-22.081171	9.986765	-10.287523	-40.612938	92.0	19	2	19	0	82.666664	-28.034206	5.181431	-15.224694	-41.31959	22000	-2.2411346e-08	125.6653	-0.01425241	-48.5756	1.1781372	0.012570194	0.1185	79.0	44.29305911064148
11	-22.699467	9.240853	-7.1815996	-42.98081	100.0	27	0	22	0	73.74074	-22.910343	2.8384366	-13.032003	-30.750944	24000	1.2516975e-09	73.61015	-0.009930412	-2.6268845	1.1014687	0.012476643	0.084	79.0	50.125746726989746
12	-22.024645	10.558477	-8.668352	-43.02375	96.29629629629629	22	3	18	0	76.65385	-20.52124	3.459427	-10.358457	-25.781315	26000	-5.722046e-09	120.62824	-0.015194674	-10.141045	1.0828469	0.015195136	0.1295	43.0	56.009902000427246
13	-17.575798	9.016905	-7.3528295	-44.10448	85.18518518518519	18	2	16	0	76.61539	-20.847675	3.470138	-8.1714735	-26.078917	28000	2.18153e-08	97.11698	-0.01636065	-20.535774	1.0951298	0.006590991	0.06	79.0	62.73176026344299
14	-19.440111	8.423107	-7.1329083	-43.623207	92.5925925925926	22	2	19	0	75.61539	-17.440855	2.458489	-9.058141	-20.935303	30000	6.2584875e-09	69.88249	-0.0139314225	-4.48349	1.0937285	0.008437343	0.081	79.0	69.47153496742249
15	-16.177162	7.1381397	-6.23346	-31.069105	85.18518518518519	20	0	18	0	76.65385	-18.679544	2.2571282	-10.583846	-22.911053	32000	-8.2850455e-09	57.846943	-0.015161734	-12.855522	1.0837878	0.005532828	0.0835	79.0	75.95017337799072
16	-15.616777	7.9609613	-6.0007854	-42.181854	80.76923076923077	18	0	15	0	78.4	-15.408477	2.3450756	-6.968418	-19.692429	34000	4.7683715e-09	56.69347	-0.024066985	-3.424427	1.1028717	0.014220211	0.1155	79.0	81.08175921440125
17	-22.203102	19.058191	-6.705501	-92.28957	85.0	15	0	14	1	104.0	-41.153263	59.67796	-6.389724	-213.65776	36000	-8.46386e-09	1867.972	-0.007573255	-1292.4418	0.9099352	0.017421732	0.0505	7.0	85.02171516418457
18	-13.395408	6.695886	-5.5050917	-29.883331	59.09090909090909	10	0	10	1	92.666664	-11.279824	2.806881	-3.889399	-16.343382	38000	-1.8894672e-08	46.661404	-0.02011867	-1.564106	1.150152	0.009479678	0.1545	79.0	90.5239725112915
19	-14.782258	6.7643294	-4.969296	-29.975426	76.92307692307693	12	1	16	0	78.28	-12.660033	2.1930015	-5.429872	-18.229616	40000	9.536744e-10	49.43331	-0.014223351	-3.7338257	1.1240944	0.005175137	0.12	79.0	95.91325068473816
20	-14.46354	5.0120134	-8.873178	-27.227362	88.88888888888889	13	0	20	0	76.26923	-13.762729	1.9822166	-7.3224216	-19.796265	42000	-6.3180923e-09	23.309254	-0.013527203	-0.7538624	1.0757563	0.015417885	0.13	25.0	101.28178477287292
21	-13.467106	5.5948644	-4.0986843	-26.159166	79.16666666666666	6	0	16	0	85.95652	-12.795762	2.1576936	-5.6520915	-16.720406	44000	-3.5762787e-10	35.40596	-0.016070407	-0.9138298	1.1385374	0.008036942	0.0755	79.0	106.57299757003784
22	-11.720092	5.44843	-4.437966	-25.753363	60.0	3	1	12	0	103.789474	-11.538738	3.1305213	-4.2764	-15.876971	46000	9.536744e-10	35.629383	-0.01447321	-2.1950111	1.1719778	0.006113661	0.089	79.0	111.04300427436829
23	-11.284779	7.3830137	-4.5706954	-30.152237	50.0	3	0	8	2	116.0	-11.9128895	2.339039	-4.830975	-19.630781	48000	-5.6028364e-09	63.480534	-0.016353453	-6.144829	1.1408153	0.008002264	0.09	79.0	115.1841881275177
24	-6.8732805	1.863943	-3.2996542	-10.852659	28.57142857142857	1	0	1	2	144.6923	-10.022677	2.7353232	-4.565532	-15.53422	50000	-2.3126603e-08	26.361427	-0.021322707	-14.508295	1.1862601	0.009037696	0.1245	79.0	118.70141506195068
25	-14.651162	7.6339707	-4.5013456	-29.071583	70.0	3	0	6	4	211.88889	-7.196955	2.2182033	-3.4765372	-12.407522	52000	-3.71933e-08	88.46926	-0.01702652	-15.009338	1.2351792	0.009002397	0.124	79.0	121.70630979537964
26	-9.815492	6.00087	-5.176563	-27.015383	50.0	1	0	6	2	152.61539	-10.219022	3.4109535	-3.7927597	-21.157116	54000	7.2717667e-09	59.358406	-0.015185212	-3.151596	1.1625687	0.008134767	0.14	79.0	125.22709798812866
27	-7.30307	3.344915	-3.3223271	-15.133226	35.294117647058826	2	0	4	1	123.0	-9.157443	2.4822912	-4.4746723	-13.52776	56000	-5.4121017e-08	21.230082	-0.018593248	-7.104351	1.1696692	0.0136742415	0.1265	79.0	129.1605110168457
28	-8.082372	3.6625693	-4.680339	-16.390293	23.52941176470588	0	0	4	1	121.125	-7.2618475	2.292354	-3.2884665	-11.68457	58000	-2.1457671e-09	20.70323	-0.019979723	-0.44779015	1.1320485	0.008164415	0.1385	79.0	133.4913911819458
29	-12.733627	12.417511	-2.5500522	-45.894356	41.66666666666667	3	1	4	3	161.81818	-9.131404	6.223312	-3.4112885	-35.308746	60000	-1.0371208e-08	220.27101	-0.017902292	-61.209106	1.0591158	0.015103767	0.117	70.0	137.66950869560242
30	-9.620657	9.539724	-2.5599644	-30.875435	41.66666666666667	2	1	3	3	181.36363	-10.005373	3.5610912	-5.0592003	-24.796366	62000	2.2143125e-08	100.97639	-0.028753895	-5.9018784	1.1394335	0.0138695855	0.142	79.0	141.50076699256897
31	-5.7562428	1.7910622	-3.3103614	-9.199267	11.76470588235294	0	0	2	0	124.5625	-9.44656	2.851289	-4.8131638	-15.362362	64000	3.7550926e-08	27.702225	-0.01711948	-19.256826	1.0742284	0.00635823	0.1695	79.0	145.86312794685364
32	-6.4779806	3.5937707	-2.5142453	-17.039703	25.0	1	0	4	0	127.73333	-6.935249	2.1261535	-3.6895692	-12.996283	66000	-2.1457673e-08	16.513039	-0.01997074	-1.4652576	1.061859	0.0057678744	0.0855	79.0	150.12651109695435
33	-6.5892367	2.5765753	-3.7556636	-13.362934	14.285714285714285	0	0	2	0	147.46153	-5.9606004	1.9758797	-3.3857536	-11.2086735	68000	2.1457671e-09	9.438235	-0.017851185	-0.546319	1.0868769	0.0083244825	0.1235	79.0	154.0211043357849
34	-5.3215213	1.4496133	-3.0930576	-8.318047	7.6923076923076925	0	0	0	1	151.41667	-5.5849104	1.6003151	-3.1529279	-10.924583	70000	-3.4332274e-08	5.4643407	-0.015456986	-1.1274204	1.0596437	0.012039248	0.1215	79.0	157.0081024169922
35	-4.952785	1.499771	-3.3802664	-7.8551474	0.0	0	0	0	0	145.23077	-4.8228264	1.3700727	-3.1082456	-9.787744	72000	1.8715859e-08	3.399126	-0.009671182	-0.6656773	1.0258396	0.008301757	0.0515	79.0	160.08907890319824
36	-4.914734	1.526271	-2.6736033	-8.127068	0.0	0	0	0	0	147.53847	-4.4016905	1.1480371	-2.80031	-9.131075	74000	-2.0742416e-08	2.6228604	-0.010254112	-0.17405224	1.0381382	0.010461164	0.072	79.0	163.0065939426422
37	-4.7010326	1.4934001	-3.0507991	-6.946215	0.0	0	0	0	0	156.25	-4.19983	1.1931796	-2.7102652	-8.92964	76000	1.0609627e-08	3.110356	-0.009715465	-0.19947171	1.0670772	0.0066752946	0.0745	79.0	165.87664794921875
38	-4.160709	0.63148093	-2.8838482	-5.438927	0.0	0	0	0	0	160.91667	-3.9680336	1.1254232	-2.6755705	-8.6012535	78000	-2.5272369e-08	1.4546018	-0.009105953	-0.36264408	1.0622822	0.004325694	0.0525	79.0	168.65072536468506
39	-4.7587323	1.5324209	-2.6105874	-7.975715	0.0	0	0	0	0	143.07692	-3.6571836	1.0031455	-2.4267826	-8.0188055	80000	1.2993812e-08	2.229556	-0.00960492	-0.19410324	1.0425271	0.0066758753	0.048	79.0	171.5270962715149
40	-4.3899226	1.2094573	-2.9300401	-6.658296	0.0	0	0	0	0	135.42857	-3.8494263	0.9753747	-2.6316345	-7.95107	82000	1.3589859e-08	1.8787528	-0.011749573	-0.084432125	1.04287	0.010075655	0.0985	79.0	174.53174781799316
41	-3.985631	0.90646136	-2.8880801	-6.674901	0.0	0	0	0	0	158.16667	-3.5598836	0.88733196	-2.598448	-7.811226	84000	5.4836273e-09	1.3731081	-0.00815022	-0.15000618	1.0678693	0.008966326	0.0695	79.0	177.26844716072083
42	-4.612336	1.1912867	-2.513956	-7.2070465	7.142857142857142	0	0	1	0	146.38461	-3.5197954	0.8094127	-2.3916924	-7.4831047	86000	-2.1457671e-09	1.5803448	-0.0031754659	-0.15596688	1.0400807	0.016111303	0.1855	9.0	179.95208072662354
43	-4.8045163	1.0375428	-3.3236141	-7.245814	0.0	0	0	0	0	159.25	-3.7408862	0.8298226	-2.6424787	-7.5723605	88000	1.7285346e-08	1.6612518	-0.012119048	-0.091038704	1.0565505	0.008469141	0.0545	79.0	182.69499468803406
44	-3.9190085	0.9604124	-2.8150532	-6.286317	0.0	0	0	0	0	160.33333	-3.8036315	0.7953926	-2.8824573	-7.372557	90000	-6.556511e-09	1.6753571	-0.014753053	-0.3023399	1.0779614	0.010816282	0.124	79.0	184.93318700790405
45	-4.3433957	1.2196679	-2.515255	-6.52368	0.0	0	0	0	0	154.41667	-3.4277582	0.7348258	-2.4576316	-6.9660788	92000	-1.5497207e-08	1.7269297	-0.012187512	-0.048581004	1.0481396	0.0053666476	0.123	79.0	187.0669355392456
46	-4.3679004	1.0464973	-2.7281523	-6.4581127	0.0	0	0	0	0	155.41667	-3.6492715	0.7453807	-2.576573	-7.000676	94000	-7.1525574e-10	1.206416	-0.013290098	-0.035023093	1.0312546	0.012096179	0.0995	79.0	189.20918536186218
47	-3.4595819	0.4882748	-2.7382302	-4.312144	7.142857142857142	0	0	1	0	153.07692	-3.4667835	0.7398177	-2.6336277	-7.017816	96000	-9.059906e-09	1.100007	-0.0092906095	-0.55922484	1.0474092	0.009578887	0.099	79.0	191.49888849258423
48	-4.213367	0.7655124	-3.1021762	-6.030321	0.0	0	0	0	0	147.15384	-2.9484453	0.6911738	-2.1055272	-6.2727604	98000	5.9604646e-09	1.2269576	-0.00985932	-0.30602032	1.0448196	0.012872652	0.0735	79.0	193.734219789505
49	-4.0600057	0.56143886	-3.0753882	-5.0620956	7.142857142857142	0	0	1	0	152.76923	-3.3554585	0.71918154	-2.483652	-6.626981	100000	8.702278e-09	0.5517556	-0.012148593	-0.025899947	1.0353408	0.00916053	0.085	79.0	196.00267267227173
